7
5
1 2 3 4 5
3
3 5 6
2
5 6
2
5 5
1000
844422 757955 420572 258917 511275 404935 783799 303313 476597 583383 908113 504687 281838 755805 618369 250507 909747 982786 810218 902166 310148 729832 898839 683984 472143 100702 434172 610887 913012 966607 477010 865310 260493 805028 548700 14042 719705 398824 824845 668154 1143 493578 867603 243911 325205 870472 191068 567511 238616 967541 803180 447970 80446 320055 507941 932834 109058 551268 706562 547441 814467 540284 963839 603186 587618 444990 596287 384902 575652 290330 189392 186730 612774 656660 476531 89825 757604 876771 923382 842461 898174 923083 540600 391297 705284 275635 811629 849486 895039 589802 949765 579696 450564 660246 996258 916942 793326 82373 612784 486445 630148 845078 243036 731490 117135 220461 794583 332537 815914 100608 146359 697671 45235 573867 910017 534198 680590 26697 635000 606339 575953 391210 370140 980517 36393 21637 961032 184972 123896 210577 800747 936970 22783 425619 101501 259920 220830 646926 350294 180318 503637 39379 100922 988236 199356 358556 731599 838327 918483 169425 672641 966549 58051 676202 845425 342313 250688 596792 442315 174820 471626 409906 569113 508601 311447 357152 837662 250933 560601 12437 741575 335917 45697 280884 240131 953130 352226 287878 359202 946906 633748 621077 715620 388018 414418 650833 1525 192310 334402 239416 637400 378649 875424 568152 414407 402268 701830 418227 662196 46780 445353 259227 157687 527574 487266 561405 755485 883876 494583 312059 466893 809046 875017 812415 188002 999421 633089 83468 725555 986822 401817 678516 316178 213525 717325 2358 822732 528346 97785 118904 649266 873654 279983 978516 100181 853939 396697 81346 274714 452979 792342 861360 133421 520866 650784 347054 871864 278410 18575 40664 680997 558356 946503 938439 909852 42005 749135 701325 655362 712358 902711 640142 372450 537929 207845 587126 8898 151024 333409 789624 718500 338256 620539 41203 163861 981915 289531 394792 548485 293408 478065 239707 48257 179587 523051 70863 403170 328521 414722 99401 908658 474005 840849 976230 343652 479087 699596 426536 301904 734751 894400 919689 626743 375572 974561 638879 65835 84670 749870 61157 7852 393808 519004 448545 488619 584889 679303 423039 368332 988460 260917 777101 431222 358521 63858 863579 702005 903011 451612 676921 118911 397954 207232 42102 947962 215895 146355 197971 378032 546392 151335 988690 982990 148403 405907 679930 877657 495406 917047 322461 498441 498647 670069 201992 609771 218774 340221 962567 899009 818119 35469 148367 256882 784167 842334 582949 718132 807056 66360 84644 868896 39416 225091 40633 15286 843955 330595 160691 148820 656084 968599 505000 901091 502429 573873 678572 805110 757847 990533 746966 905781 206105 535417 598615 825697 482214 791041 388569 586389 851317 798060 656985 241 181969 506858 254460 65621 859884 942948 302805 408074 810038 62259 640985 127321 287089 829941 55528 35934 417867 491831 863326 717189 673544 151374 986706 411141 611771 386684 47033 470890 151368 32466 617401 629967 105293 549144 346668 383415 776420 490320 881277 610120 467189 632313 337866 124324 682530 622038 788567 127110 911784 799342 916888 872535 681007 810251 519008 785490 189128 782115 444580 756617 455471 789559 75340 44641 934290 486166 901072 944784 666512 571797 215980 93477 819395 888773 779396 698503 420112 305312 113445 425971 566013 922881 935755 415642 99211 773819 734280 30701 446719 686419 30135 919283 962243 722543 78539 70330 359254 29378 347878 9965 974324 819007 70518 893436 207979 204791 673760 938263 123189 7185 369131 24651 604849 859176 186992 112392 344450 959172 130158 966520 362240 473371 292632 937127 958148 635916 184046 992952 102581 580850 156404 897676 945679 804391 315892 242839 754859 291060 419786 46256 132234 20550 77922 73212 420232 550778 740879 142284 422189 636967 84556 444812 369257 948932 57858 408627 417226 728181 320672 203991 293312 470888 950269 796518 276971 558182 688201 795658 446165 398777 767641 431717 247958 453448 937105 142568 462436 637304 483288 203640 1844 698992 618736 7777 298561 768635 628921 545209 156222 706295 471435 678179 760090 232363 761996 280089 984016 120832 883719 40548 256576 526102 581617 396235 102032 252609 283397 755223 908775 595410 35451 792237 305604 339891 530186 249048 919979 163555 414831 289692 519835 573982 627140 531376 410805 634595 403413 778551 788178 292255 371805 628811 157070 697032 381428 591063 139534 668259 354058 472666 415108 476716 694696 318241 652055 60223 300186 745210 52406 621143 25547 471529 888546 10111 526829 66457 867110 686297 741954 669008 6424 41178 620877 999686 873148 699686 727100 226688 751614 287925 105461 460895 330196 168256 421710 897201 435271 447292 708828 524162 129224 910393 444125 789338 388876 806847 389537 220160 196195 940035 586531 49794 388348 234030 84658 186756 56991 638074 173374 610780 612507 704924 512119 284424 877458 353072 458295 631880 516125 956469 954718 929760 934077 580961 490203 704117 215420 265873 43808 162858 3875 654628 140407 786680 680504 970676 396515 921392 453705 339504 102339 882833 794791 322929 455745 325144 28830 44353 368705 209592 524515 187786 201622 672668 735603 312233 859995 254640 343941 712481 44503 934184 72338 460932 724605 47469 809003 978894 460512 118124 81477 98731 765442 414013 919235 440640 77144 426936 754828 829339 39352 180390 490014 128086 871093 934461 319597 434844 557055 285506 541076 201186 296642 441784 604670 536166 260988 231788 118731 783494 98901 732886 248774 284557 736084 659621 741922 515284 859096 121794 645197 118245 737284 358905 674883 703484 660609 221558 831800 240137 518154 674646 233604 628512 286832 171383 809749 553123 327885 585431 25287 129823 395581 975757 510475 76457 765041 781444 774803 569499 695699 213458 732561 816174 759967 353463 591029 628990 900810 108014 833934 526436 358615 455603 12636 220074 652764 660850 494699 953326 480916 313944 847781 259159 604306 703419 821697 785369 384093 59181 38288 726461 961692 343166 441196 725799 657832 260107 671585 304903 356358 539514 732314 151217 21988 627830 24565 44964 225776 653877 66546 62406 972094 422653 892429 216525 435214 358036 176936 328814 986796 747310 382669 409285 263741 531337 735637 686647 462650 41940 921508 408934 390299 3111 138228 868854 513935 732435 148168 330052 840137 820659 246795 21976 806467 168845 787682 683660 168315 78489 927650 597879 620511 457512 150071 601970 252473 805895 732719 27268 932424 36317 89620 292735 150810 236146 355810 735500 404712 269840 492314 392594 310765 900542 550449 977328 772913 570500 262447 686844 455918 721388 403779 496006 20684 739959 34274 680726 582004 775918 289778 686111 207098 529273 340281 978455 971867 208970 566039 329443 968539 924526 586146 720085 681325 353356 916362 899454 330659 747395 9093 816360 564870 952307 363194 625714 323003 782786 600703 987472 1013 140759 43602 125848 929386 948609 113590
1000
480413 946690 818388 778618 747282 187655 548878 423880 949789 173834 169859 658862 157402 110054 503924 796661 605046 754754 265759 284963 428704 990848 717919 946254 537871 554560 990091 189989 782591 791514 844742 750053 155334 661128 923704 563286 360942 949521 561599 411637 614134 804126 228303 15693 529095 941358 680258 630909 627816 496990 730920 249195 891755 274473 944946 926497 77925 448180 744037 449655 508900 806824 704993 958005 164486 923560 927987 634749 940391 252686 881788 773480 609689 90630 30135 10970 250559 762353 386626 775447 625643 389262 880147 38418 465313 829853 126814 710488 328116 24302 473725 521693 41587 565920 347434 4494 190774 110811 540622 43121 928133 845062 945298 314802 905268 984313 764732 275083 670890 595664 404204 306098 59849 125383 133957 480893 641894 764069 46714 823760 43472 554947 744148 631222 949679 344699 585884 82800 559797 813299 201605 260965 700406 253882 259246 935516 998544 155199 900163 552727 38602 585503 641550 33796 757692 817801 71644 648400 456548 238722 458671 159390 333666 655208 476486 555921 543443 820595 343383 812963 79988 427734 352321 451581 833510 512400 987247 861461 118847 316892 22726 733754 19201 885939 193343 413837 62040 311255 389515 52231 767551 711350 357884 835193 77422 54007 354981 901842 756468 672318 562736 803766 412227 30689 802405 190494 387659 357610 123366 350785 177087 616014 653435 13647 456476 554053 871663 496032 80451 51724 862110 790730 858448 262243 647998 95719 826574 333613 955148 471383 33068 909056 625533 287082 36804 376687 156861 548281 146884 174615 920870 640121 242582 878897 624716 945600 482917 887901 678444 44169 240291 281577 170017 238187 226041 878344 462899 876512 137998 564919 13468 930302 5638 389908 801586 999882 19510 824086 510088 38183 777120 111903 611475 778326 673591 379875 26442 436264 913695 332924 247959 137831 510253 533349 73049 407759 658682 966051 431542 436036 471134 225034 394838 645265 397060 581376 835583 997968 885040 371797 21728 611605 474551 237018 40305 321571 798072 964120 106661 877640 48718 713476 26796 421050 870231 393109 924565 713196 604185 161380 340496 411097 590205 996039 283710 503563 933448 345421 628605 766132 630270 753431 195694 957338 176898 583682 296043 634424 291111 431214 682223 269069 727876 346878 132157 613129 165759 430578 398398 76169 710770 680824 777796 544914 553917 169234 207464 228250 525304 818983 356975 881872 735879 716448 335173 118478 962791 854611 408868 863219 899218 342474 501562 331790 695158 912168 984545 743780 305243 880494 992620 346527 948713 511547 964636 995856 812943 683438 154015 4918 595471 704460 935539 517120 696847 647356 204921 644301 981722 111185 688544 614306 375855 793348 10486 892412 817364 480705 108140 452629 584253 253884 486532 775729 922732 561646 827242 77934 856369 920815 168002 827488 849567 878659 517140 608255 208084 708132 405018 21170 134268 388219 885180 564943 916258 929484 86795 588216 334529 506796 455525 479944 101806 833161 490280 644988 472679 181019 541001 159540 852180 831605 143639 68844 68492 393245 953042 556141 265527 229649 110874 141072 811864 138634 864062 822999 136809 558725 7056 862037 558278 755341 490346 690422 931240 559546 874706 343046 97533 5145 226651 838587 311496 224617 495631 946905 508979 340872 77502 573667 226257 367500 381163 758185 231629 935893 742389 481120 880475 359168 384340 129370 778557 401193 500254 470969 656182 373939 915862 431923 359214 400879 766296 993057 866515 479728 291360 445988 344016 243533 186941 955876 499306 109975 383907 388717 513535 980042 976634 565895 618092 675630 502223 486679 314524 683922 91896 317146 890979 227379 967583 984170 575383 40436 93479 200302 326812 113109 797211 364155 233734 43694 382672 4507 116492 604646 934946 199366 741062 197706 1496 896539 846109 66779 177136 234301 928322 381930 807382 435814 381245 765349 615761 269318 582811 703853 827079 677180 640748 595903 92051 945190 714842 272872 692351 620818 658852 378909 573176 660028 201657 508013 120342 105531 911061 124548 893267 469800 454903 339816 416218 377233 564983 335594 821976 233562 248471 480552 935082 23916 723414 6007 404861 764208 446080 429489 253217 475096 228260 283522 653294 599448 929546 968870 522381 87557 299904 517805 673163 946198 155108 36685 870036 805165 765749 468601 677781 411470 192052 390894 787047 801856 961135 887668 682085 520913 723928 183204 923085 712577 594486 434042 633542 617679 898855 570737 213378 441380 242969 904951 843526 555820 196392 43543 134170 443220 674205 223999 684521 861950 757242 425528 645728 988368 885412 338150 685448 163212 557369 356534 438147 438899 663233 845997 468572 146585 754155 751644 953846 394057 463880 540596 892124 704217 21279 207323 853895 585474 873909 411400 210468 4141 996051 136382 642969 489709 380150 537203 78284 970035 492737 15290 419344 757202 312084 745023 767363 239121 967973 27889 863606 512650 153380 258393 593518 278458 838422 219529 384062 506814 339773 824143 263883 88978 154786 626946 563563 63299 993050 479441 319438 729163 24292 434250 664414 962137 761638 885160 118906 429771 31791 271995 384297 343822 373741 803081 189544 824496 541922 338746 552236 161424 495455 21954 862976 331582 344043 995152 613456 417654 790657 67665 570505 520701 861229 586201 485273 520226 781898 347321 557790 707391 995556 693685 961872 399033 608781 745295 348416 269175 972834 348534 999903 852271 216069 828220 983628 276821 664455 769590 83282 819332 308361 706382 950139 35110 611713 292405 114659 711855 979047 512711 346345 449090 414618 531902 409176 80373 979428 996708 174135 241040 436957 698733 31345 835498 638434 269294 870868 661210 316925 547846 979238 48433 708463 849414 692317 140019 597150 785956 418596 582429 253468 312749 808571 489499 448812 122884 374471 520722 231013 807936 383701 238490 308298 824464 904144 960298 15195 753895 525485 124561 246534 281691 404217 470722 936789 58356 709170 854107 357300 249218 221309 300840 145298 551678 250400 27252 232634 820633 417371 883537 943616 243349 559973 881067 581421 168001 247954 987625 299387 867703 795013 741985 721943 789982 847408 62367 167810 505530 212490 533219 493183 126772 85962 11653 825037 81742 961566 983832 745697 450384 275789 412453 345294 396296 726196 892527 157716 242671 209897 45346 854201 511276 67035 446256 450611 777956 761398 134489 626876 509687 13492 147736 666849 367026 963686 501751 688284 133618 479449 734122 833482 199608 396907 473528 440373 475442 295901 808721 913078 349001 637861 380706 578752 695539 501517 674583 757146 843296 188810 216385 514372 509658 807726 517384 900053 777603 506316 826327 475856 341716 433424 456209 650532 52158 729509 968233 458818 68773 201257 103215 256354 793908 1050 873580 939548 185004 173587 965763 360381 811777 9011 990792 16491 607571 928451 831261 310403 822081 393048 499807 363279 354719 582076 782068 699492 768078 14274 531694
210
920852 196809 184475 178815 658095 611740 505634 586802 940577 861211 905935 54158 897413 31351 647643 930833 502464 419321 331743 916124 925970 619126 714429 339128 138175 979001 657023 274388 977084 608970 330586 895814 77901 804154 159580 107675 258945 714826 608009 421279 159047 923752 766286 686267 812910 774246 112426 773355 838726 746756 482278 686446 100008 764346 262228 785127 635285 509079 536018 74731 40898 14825 775543 138496 122867 385063 977703 885925 313290 819799 85078 392041 579206 986247 48707 412422 919611 27611 599083 399394 560269 703350 406696 892053 955715 985060 54779 836830 878373 145406 941430 127114 207315 955547 830784 576552 287809 252716 403139 8994 636360 51551 773853 70164 10255 284658 772693 832638 507303 938298 114518 332220 740346 323320 145361 578361 62574 373017 253869 331813 485183 535703 84358 315529 383697 403305 480036 425873 74028 219325 644287 828765 511441 148190 70468 155895 384048 565207 664258 524360 565291 352234 665597 726861 402126 814913 743933 904744 466749 345222 777204 37594 383877 977194 342264 512323 249770 76947 110952 435211 619003 545749 518683 111651 40260 358697 942485 179818 269262 483141 914208 946975 1304 647896 236159 654482 742847 887140 683418 847210 784480 160717 43693 738779 525919 997866 164891 385270 287784 878698 483696 913650 707191 998807 599780 976160 173407 441681 578392 978296 567880 865265 628506 512402 391442 368635 295219 211370 962578 86879
