50
3
1 2 3
2 3 5
3 5 6
2 3 4
1 2 3
7
3 4 5 8 10 13 15
6 8 10 12 15 16 18
3 4 5 9 10 12 14
11 13 15 16 18 21 22
9 11 13 15 16 19 20
7 10 12 13 17 19 21
2 3 4 7 8 10 12
5 6 8 11 12 13 15
8 12 14 15 18 20 22
2 3 4 6 8 11 13
1 2 3 5 6 7 8
7 8 10 13 15 17 18
1 2 3 5 7 9 11
9
8 10 12 15 18 20 22 24 25
3 6 7 8 10 12 14 15 17
10 12 16 18 20 21 22 24 25
14 15 18 19 22 24 27 29 31
15 17 20 23 25 27 29 31 33
5 7 10 12 14 16 17 19 20
6 8 11 13 16 18 20 22 23
13 15 19 22 24 25 26 29 30
9 11 14 16 18 20 21 22 23
7 10 12 13 15 17 18 19 21
2 4 5 6 8 10 12 14 15
10 12 13 17 20 21 24 25 27
15 17 20 21 23 25 29 30 33
4 6 8 10 11 12 14 15 17
12 14 16 18 21 22 25 26 29
2 3 5 7 9 10 12 13 15
12 14 17 20 22 24 25 27 29
2
6 8
2 6
4 8
10
11 17 20 36 39 44 46 53 56 59
18 20 28 38 46 48 53 58 63 65
20 23 26 28 33 37 44 47 48 52
10 11 14 15 16 18 20 24 28 29
34 37 43 48 49 56 59 64 65 68
1 6 10 15 19 20 21 26 31 34
15 19 21 22 27 32 36 37 38 43
16 19 24 37 44 47 52 54 57 64
2 8 11 19 22 23 27 28 36 37
3 10 14 21 23 26 31 32 41 43
26 28 32 37 41 49 53 54 58 59
6 8 10 13 15 16 17 19 20 27
22 27 29 43 50 52 57 59 65 68
7 15 16 27 28 33 39 41 44 49
31 36 41 43 44 52 56 57 63 65
5 13 15 22 27 28 35 37 43 48
21 27 31 35 39 44 46 52 53 57
10 16 18 32 36 37 44 49 52 56
1 2 3 5 7 10 11 16 18 22
7
2 3 4 5 6 7 8
3 4 5 6 7 8 9
3 4 5 6 7 8 9
2 3 4 5 6 7 8
7 8 9 10 11 12 13
6 7 8 9 10 11 12
1 2 3 4 5 6 7
5 6 7 8 9 10 11
6 7 8 9 10 11 12
5 6 7 8 9 10 11
1 2 3 4 5 6 7
4 5 6 7 8 9 10
4 5 6 7 8 9 10
10
139 164 185 212 241 242 287 303 325 346
71 88 119 156 178 183 188 197 224 241
122 125 154 206 224 231 270 271 295 316
10 31 42 51 71 86 93 100 122 139
86 89 129 160 183 202 228 230 255 258
120 134 164 188 233 255 273 278 295 325
28 36 54 56 83 89 109 111 125 164
71 83 118 136 178 200 219 229 233 255
114 118 152 184 229 230 235 258 271 303
51 56 109 134 156 169 177 184 188 195
31 36 76 77 88 95 114 118 134 149
52 76 100 109 118 129 137 148 154 185
93 109 137 166 188 214 231 235 273 282
84 95 129 169 200 202 214 215 231 242
10 28 52 54 71 84 103 114 120 139
100 111 148 191 197 215 250 258 278 292
42 54 100 113 119 129 148 152 164 171
54 77 113 134 136 160 166 191 206 212
139 149 171 195 255 258 282 292 316 346
4
7 14 33 48
48 64 72 84
21 29 60 72
33 39 60 63
7 19 21 25
19 28 39 64
25 46 63 84
7
7 12 16 19 24 29 31
21 25 31 36 42 44 45
5 6 10 16 19 20 25
14 20 26 28 31 39 44
4 6 12 16 18 20 22
2 5 7 10 12 14 16
10 16 19 24 27 34 36
15 19 24 27 30 31 38
9 10 16 19 24 26 28
16 20 29 34 38 39 42
2 4 9 14 15 16 21
12 18 24 27 30 38 42
14 16 19 24 27 28 33
4
1 3 4 6
3 4 6 7
3 4 6 9
7 9 11 12
6 7 9 12
1 3 5 7
5 6 8 9
4
6 9 10 14
4 7 8 12
3 4 6 9
9 12 14 15
9 12 13 15
3 5 7 9
7 8 10 13
10
9 12 13 14 16 19 21 23 24 27
14 17 19 21 23 25 27 29 30 35
6 7 10 11 12 15 17 19 21 22
10 11 13 15 17 19 21 22 24 25
13 15 18 19 22 24 26 28 29 33
4 6 8 10 11 13 14 16 19 20
15 17 19 21 23 24 25 28 29 30
4 5 8 10 11 13 15 17 18 19
16 19 20 22 25 27 29 31 33 35
2 3 6 7 10 12 13 14 15 17
12 14 17 18 20 22 25 27 28 31
6 7 10 11 13 14 17 18 19 21
11 12 14 17 19 21 23 25 26 27
11 13 15 17 19 21 23 24 25 29
8 10 11 13 15 17 19 20 23 25
1 2 4 6 8 10 11 13 15 16
2 3 5 7 9 11 12 14 17 19
8 9 11 12 15 16 19 20 22 23
1 2 4 6 8 9 11 12 13 14
4
5 6 8 9
3 4 6 7
3 4 6 9
2 3 5 7
2 3 4 6
6 7 9 13
7 9 11 13
10
6 9 11 12 13 14 16 18 21 23
16 18 20 23 24 26 27 30 31 33
9 12 14 16 18 19 20 22 24 26
3 4 6 9 10 12 14 16 17 18
2 3 5 7 8 10 11 13 15 16
11 13 15 18 19 21 22 23 26 27
13 14 17 19 21 22 23 24 28 30
15 17 19 21 23 24 26 28 30 32
5 7 9 11 12 13 15 17 19 20
7 9 11 12 14 16 18 19 20 22
8 10 12 14 16 17 19 21 23 24
15 17 19 20 23 24 26 27 30 31
10 12 13 14 17 19 21 22 24 25
2 3 5 6 8 9 11 13 15 17
17 19 21 22 24 25 28 30 32 33
11 14 15 16 19 20 22 23 26 28
3 4 7 9 10 12 13 14 17 19
8 10 12 13 16 18 19 21 23 24
5 6 9 11 12 14 15 17 19 21
2
4 8
2 4
2 6
5
4 8 11 12 14
4 7 9 11 12
2 5 7 8 9
7 9 11 14 15
5 9 12 13 15
6 8 10 12 13
3 5 6 8 9
1 3 4 6 7
1 2 3 4 5
7
12 13 20 21 23 30 31
9 10 16 19 21 25 27
2 4 5 7 9 10 12
2 3 4 5 8 10 11
5 8 11 12 14 15 17
3 5 8 9 10 11 13
7 9 14 17 20 23 25
8 11 14 20 21 22 23
10 12 15 23 25 28 30
4 5 7 10 11 12 14
11 14 17 25 27 29 31
4 7 11 14 16 19 20
5 10 12 17 19 20 21
2
2 3
3 6
2 4
2
6 8
4 8
2 4
2
2 22
22 222
2 22
2
2 4
4 6
3 6
3
3 6 9
6 8 12
8 12 17
7 8 13
3 7 8
10
14 16 20 22 25 27 30 31 35 38
15 19 20 22 24 30 31 36 38 41
25 27 29 30 33 36 41 43 47 49
11 13 17 19 21 23 24 29 33 35
9 13 15 16 19 22 25 26 28 30
19 20 24 26 28 33 36 38 41 44
8 10 11 14 17 20 23 24 27 29
11 14 18 19 21 25 27 28 30 33
22 23 27 28 30 35 38 41 44 46
18 25 30 31 35 38 40 44 46 49
4 7 10 13 14 16 19 21 24 25
10 12 14 16 19 20 22 26 30 31
3 4 7 10 11 14 16 19 22 25
5 7 8 12 13 16 18 20 23 27
14 16 19 20 23 27 30 33 35 36
3 5 8 9 11 14 15 16 17 18
16 21 23 26 29 31 32 38 41 43
17 24 27 30 33 35 36 41 44 47
7 8 11 15 18 19 20 23 27 30
4
1 5 9 13
5 6 7 8
4 8 12 16
3 7 11 15
1 2 3 4
2 6 10 14
13 14 15 16
4
5 9 11 13
6 9 10 17
13 17 21 25
8 11 14 21
9 10 14 18
2 5 9 13
2 6 8 10
4
6 12 14 17
1 2 4 8
2 6 10 12
4 10 11 15
4 8 11 14
2 6 8 9
1 2 4 6
7
36 37 38 39 40 41 42
1 8 15 22 29 36 43
8 9 10 11 12 13 14
15 16 17 18 19 20 21
1 2 3 4 5 6 7
4 11 18 25 32 39 46
5 12 19 26 33 40 47
2 9 16 23 30 37 44
6 13 20 27 34 41 48
22 23 24 25 26 27 28
3 10 17 24 31 38 45
43 44 45 46 47 48 49
29 30 31 32 33 34 35
2
3 7
1 3
1 3
4
1 2 3 4
4 5 6 7
4 5 6 7
2 3 4 5
3 4 5 6
2 3 4 5
3 4 5 6
3
2 3 4
2 3 4
1 2 3
3 4 5
1 2 3
3
2 3 4
2 3 4
3 4 5
1 2 3
3 4 5
7
4 7 9 12 14 19 21
1 3 5 7 10 12 14
3 5 7 8 11 14 16
5 6 9 12 13 16 18
1 3 4 5 7 8 9
9 16 18 19 22 25 29
12 16 19 20 21 23 25
10 13 14 16 17 19 22
7 11 13 16 17 21 25
3 5 6 9 13 16 19
7 9 12 15 16 17 19
5 8 12 15 16 20 24
14 19 21 24 25 28 29
10
3 11 18 19 20 21 22 23 24 50
2 10 11 12 13 14 15 16 17 49
6 14 21 27 32 36 37 38 39 57
7 15 22 28 33 37 40 41 42 58
4 12 19 25 26 27 28 29 30 53
9 17 24 30 35 39 42 44 45 62
8 16 23 29 34 38 41 43 44 60
5 13 20 26 31 32 33 34 35 54
1 2 3 4 5 6 7 8 9 46
8 16 23 29 34 38 41 43 44 61
46 49 51 52 54 56 58 60 63 64
9 17 24 30 35 39 42 44 45 63
7 15 22 28 33 37 40 41 42 59
6 14 21 27 32 36 37 38 39 56
3 11 18 19 20 21 22 23 24 51
5 13 20 26 31 32 33 34 35 55
4 12 19 25 26 27 28 29 30 52
47 48 50 53 55 57 59 61 62 64
2 10 11 12 13 14 15 16 17 48
4
5 7 8 9
2 3 5 7
4 5 7 8
2 4 5 6
7 8 10 11
3 5 7 8
5 7 8 10
3
3 6 7
7 11 15
3 6 9
9 12 15
6 9 11
2
22 222
2 22
22 222
4
2 4 5 9
1 2 3 8
7 10 12 13
8 9 11 13
1 2 3 7
2 4 5 10
3 5 6 11
7
6 11 15 18 20 21 32
4 9 13 16 17 18 28
1 2 3 4 5 6 23
4 9 13 16 17 18 29
23 24 27 29 31 33 34
2 7 8 9 10 11 25
3 8 12 13 14 15 26
1 2 3 4 5 6 22
2 7 8 9 10 11 24
5 10 14 17 19 20 30
6 11 15 18 20 21 33
22 25 26 28 30 32 34
5 10 14 17 19 20 31
4
1 2 4 7
6 9 12 13
4 5 8 12
1 2 4 6
4 5 8 11
2 4 5 9
2 4 5 9
7
6 12 15 18 19 20 22
15 20 23 25 29 30 31
16 20 26 27 30 36 37
11 15 17 20 23 25 29
8 12 14 18 20 23 25
4 8 11 12 14 16 20
17 23 25 28 32 36 37
12 18 20 24 25 27 30
12 18 22 24 25 28 30
14 19 23 25 29 32 33
4 6 10 12 15 17 18
20 22 27 30 31 37 41
18 25 29 30 33 37 41
7
25 36 55 73 87 112 123
32 41 64 91 112 128 132
25 32 44 62 81 103 122
73 91 105 115 125 135 165
122 139 141 165 187 195 199
112 128 133 135 148 167 195
44 53 71 105 113 133 140
81 90 109 125 130 148 153
36 41 53 82 90 115 139
123 132 140 148 153 191 199
87 112 113 129 130 151 187
103 115 129 135 151 167 191
55 64 71 87 109 129 141
5
11 15 16 18 25
8 11 15 17 24
5 15 17 18 30
2 3 4 5 9
3 9 11 15 20
15 20 25 30 32
9 20 24 25 32
2 6 8 11 15
6 9 11 15 20
3
1 2 3
3 4 5
1 2 3
3 4 5
2 3 4
6
8 9 11 15 17 20
14 16 20 22 26 28
11 14 17 20 23 26
4 8 9 14 16 19
9 12 15 20 22 25
3 4 6 9 11 13
6 9 11 17 20 23
15 19 23 25 28 29
3 6 8 11 14 15
13 16 20 26 28 29
11 14 17 23 26 28
8
24 38 42 46 49 54 61 64
4 11 14 17 19 22 26 31
12 20 23 29 31 32 37 42
14 24 25 32 35 37 39 45
9 14 21 23 25 34 37 42
24 26 30 37 39 45 56 61
17 19 25 31 35 43 47 49
20 34 37 40 47 51 56 60
19 22 27 32 37 44 51 54
1 4 9 12 14 17 20 24
6 11 16 20 24 29 34 38
12 17 24 29 32 39 40 46
17 29 34 39 43 44 45 48
9 16 21 24 25 27 30 32
1 6 9 12 17 19 24 26
7
9 12 15 19 23 26 27
15 20 24 27 32 34 38
14 18 22 25 30 33 37
22 26 27 30 37 38 40
10 14 18 21 26 27 30
7 10 13 17 20 25 26
11 13 15 18 22 24 28
3 7 9 10 14 15 17
15 17 19 21 25 27 32
17 20 23 26 30 32 35
17 22 28 32 35 36 40
21 25 26 27 33 34 36
7 10 12 14 18 20 22
7
12 16 20 23 30 31 36
15 23 27 30 37 39 44
19 28 33 37 44 48 52
11 17 20 26 27 28 33
5 9 11 15 18 20 23
9 13 16 21 23 24 28
10 13 17 22 26 27 32
20 27 31 38 39 43 48
15 22 23 27 30 33 37
18 26 30 35 37 42 44
13 21 26 27 35 38 40
18 24 28 33 42 43 46
5 10 12 13 15 18 19
10
9 19 29 39 49 59 69 79 89 99
21 22 23 24 25 26 27 28 29 30
41 42 43 44 45 46 47 48 49 50
31 32 33 34 35 36 37 38 39 40
11 12 13 14 15 16 17 18 19 20
7 17 27 37 47 57 67 77 87 97
4 14 24 34 44 54 64 74 84 94
1 11 21 31 41 51 61 71 81 91
5 15 25 35 45 55 65 75 85 95
3 13 23 33 43 53 63 73 83 93
51 52 53 54 55 56 57 58 59 60
10 20 30 40 50 60 70 80 90 100
8 18 28 38 48 58 68 78 88 98
81 82 83 84 85 86 87 88 89 90
91 92 93 94 95 96 97 98 99 100
61 62 63 64 65 66 67 68 69 70
6 16 26 36 46 56 66 76 86 96
2 12 22 32 42 52 62 72 82 92
1 2 3 4 5 6 7 8 9 10
10
4 5 6 7 8 9 10 11 12 13
10 11 12 13 14 15 16 17 18 19
6 7 8 9 10 11 12 13 14 15
8 9 10 11 12 13 14 15 16 17
2 3 4 5 6 7 8 9 10 11
2 3 4 5 6 7 8 9 10 11
9 10 11 12 13 14 15 16 17 18
5 6 7 8 9 10 11 12 13 14
6 7 8 9 10 11 12 13 14 15
7 8 9 10 11 12 13 14 15 16
8 9 10 11 12 13 14 15 16 17
3 4 5 6 7 8 9 10 11 12
9 10 11 12 13 14 15 16 17 18
3 4 5 6 7 8 9 10 11 12
5 6 7 8 9 10 11 12 13 14
4 5 6 7 8 9 10 11 12 13
1 2 3 4 5 6 7 8 9 10
7 8 9 10 11 12 13 14 15 16
1 2 3 4 5 6 7 8 9 10
2
2 6
2 4
6 8
