10000
4 75
3 46
9 37
1 7
8 47
9 79
7 50
3 28
2 99
3 27
2 78
1 26
2 52
9 41
3 20
1 95
9 71
2 9
1 70
10 86
4 25
1 7
4 81
2 72
9 39
9 34
10 81
5 23
5 20
1 30
9 99
10 20
1 21
10 90
4 0
5 38
3 22
10 64
7 66
6 40
7 69
9 71
9 29
4 62
10 4
7 70
3 4
1 1
4 95
4 4
2 45
4 50
3 81
8 19
10 61
7 79
4 66
2 48
2 21
7 89
5 68
3 8
1 23
8 53
9 25
3 13
9 95
7 98
6 0
8 43
5 2
3 89
8 63
3 71
3 36
3 83
4 64
8 50
4 55
10 46
9 21
10 52
2 0
4 89
5 55
5 75
1 79
9 20
10 45
5 84
2 78
2 56
8 85
6 44
1 87
5 65
5 29
9 15
2 91
10 96
7 24
3 13
10 4
8 39
2 17
2 95
9 46
6 15
8 90
9 87
3 3
7 94
5 6
2 59
7 88
1 9
1 45
3 1
3 69
6 7
5 95
4 68
5 96
7 83
2 18
10 3
6 40
10 32
4 90
6 42
3 12
2 7
9 99
4 71
2 33
6 2
4 97
9 35
3 70
7 31
7 41
1 46
6 54
10 63
7 23
10 34
2 96
10 42
9 47
2 51
5 78
4 40
10 29
6 46
5 13
7 29
7 0
2 91
2 47
10 56
9 84
5 39
6 57
2 70
8 46
8 23
7 43
1 45
3 35
2 50
7 8
10 91
8 81
10 58
10 88
10 44
5 53
3 34
6 45
3 47
1 13
9 87
10 33
8 34
3 77
4 61
2 11
1 18
1 52
8 73
3 72
6 0
1 27
3 56
1 80
5 24
2 58
3 81
10 61
1 96
3 51
4 72
9 79
7 25
3 40
2 11
2 55
8 17
7 50
4 33
3 78
3 57
3 3
1 26
7 38
4 60
2 57
10 22
1 43
7 56
7 43
2 21
7 9
3 8
10 16
10 50
3 49
4 15
10 76
6 54
3 99
7 98
1 18
10 44
3 5
8 10
1 19
4 14
3 80
9 30
9 81
1 67
1 14
9 82
10 82
5 20
3 31
5 37
3 70
5 37
2 18
10 22
5 22
7 13
2 70
4 26
5 53
4 12
8 77
9 85
9 87
5 69
10 69
5 5
10 12
2 92
3 52
9 99
6 84
1 94
4 72
3 41
7 52
6 89
7 38
7 55
7 4
9 50
2 52
4 54
2 56
3 10
4 90
10 90
9 4
4 58
7 21
9 2
9 1
2 72
10 28
7 40
1 84
9 93
9 92
4 81
8 22
9 75
7 58
8 11
2 65
1 57
10 94
6 78
5 71
6 84
5 12
3 17
5 98
10 52
8 15
1 26
5 65
3 99
3 67
7 35
10 46
2 28
2 48
8 79
10 95
6 67
6 41
5 52
8 77
2 9
4 42
4 65
6 78
6 46
1 22
8 4
5 85
5 25
4 22
3 84
1 28
7 69
7 97
10 81
1 82
8 98
7 14
2 54
9 53
6 92
2 43
9 71
9 21
8 21
1 34
7 62
7 74
3 54
10 49
5 39
1 88
4 45
4 56
10 25
3 89
10 23
6 39
6 16
1 56
10 39
9 4
2 55
7 21
6 40
5 18
7 6
4 70
9 16
8 71
4 3
3 32
6 79
6 61
4 60
8 100
10 39
4 60
3 55
10 14
10 88
10 91
2 57
5 46
5 51
2 33
8 62
5 38
3 32
10 86
6 7
4 57
9 86
8 81
2 7
1 19
5 79
5 58
7 98
1 77
1 7
8 31
8 44
10 5
9 68
7 16
5 59
7 46
3 19
3 48
6 76
4 74
8 16
7 98
4 80
5 67
8 9
1 77
1 77
7 99
4 60
4 79
5 24
10 62
7 20
10 36
8 10
6 30
7 77
10 92
5 78
4 6
1 62
2 46
9 30
2 54
3 46
4 86
8 90
4 19
4 95
3 57
9 73
10 99
9 77
1 36
7 11
10 43
1 94
8 53
8 86
9 74
6 17
10 84
7 43
5 46
10 35
5 7
9 6
9 63
6 99
7 91
5 64
2 14
5 1
6 83
7 20
10 89
3 25
6 44
2 25
3 35
1 52
7 2
10 67
5 69
4 88
6 75
7 85
6 28
8 96
9 67
6 64
5 82
5 14
6 63
7 81
9 40
2 93
5 13
5 36
3 52
5 57
8 64
5 90
2 79
8 90
6 71
5 5
5 16
5 15
4 25
3 11
8 21
7 99
5 39
5 99
7 81
10 39
3 28
4 87
1 85
3 26
7 83
9 52
10 69
6 99
1 53
5 53
9 38
7 49
1 84
5 49
2 56
8 13
9 2
5 95
2 60
3 51
1 88
7 39
4 90
1 95
7 67
10 54
1 34
9 60
1 37
7 100
10 55
8 93
8 41
3 65
8 54
9 53
8 47
9 31
1 45
10 9
8 95
6 82
9 1
10 43
5 71
4 66
8 53
1 94
5 76
7 81
5 30
8 99
10 57
10 47
6 73
7 30
1 20
9 68
3 30
6 31
3 56
9 72
8 15
9 33
10 22
2 58
2 35
5 29
8 18
6 29
4 15
10 37
9 78
10 45
5 29
10 44
1 11
9 95
9 81
3 68
5 76
6 60
6 17
6 20
5 5
8 15
1 77
5 50
8 74
10 12
3 49
6 93
3 16
8 48
4 61
2 30
1 44
6 31
2 95
9 29
5 78
7 91
10 40
9 23
3 1
6 1
2 41
3 91
6 4
8 10
1 4
2 19
9 27
6 95
4 55
2 61
5 50
7 22
7 7
2 14
2 48
8 58
1 91
5 85
8 18
10 28
8 12
1 14
4 97
10 17
2 26
3 33
6 78
1 67
10 56
7 53
2 36
10 12
9 47
2 97
2 73
1 42
6 94
2 86
8 45
5 3
10 96
8 13
10 86
7 87
2 29
6 68
2 12
2 98
4 37
5 30
4 98
7 29
3 97
10 18
6 79
5 47
6 71
4 11
9 94
1 76
7 15
2 5
4 74
6 80
7 75
10 52
6 46
1 75
5 18
6 57
9 87
6 98
2 62
5 10
5 14
10 66
6 59
3 49
9 13
4 53
9 93
8 58
7 100
3 46
3 58
1 2
6 15
8 78
3 100
5 53
4 69
7 60
10 10
5 31
2 20
4 53
2 19
9 58
4 70
9 0
8 24
1 99
4 9
10 23
10 24
5 27
3 35
7 39
7 43
5 50
10 36
2 4
9 58
1 91
4 55
10 24
1 26
1 66
1 27
3 98
3 5
4 82
9 58
8 45
6 56
3 79
1 91
6 91
2 10
2 16
2 85
2 3
8 100
4 9
2 20
2 96
9 45
1 2
2 35
10 67
1 8
5 31
4 11
9 76
1 100
6 96
10 95
3 41
6 66
2 80
9 11
1 33
1 35
2 63
3 70
4 46
2 2
5 52
7 77
4 100
9 48
3 49
4 61
4 86
8 26
5 21
6 33
9 82
9 5
9 51
10 92
8 0
5 18
1 86
4 71
10 42
2 94
9 77
6 32
3 48
7 39
8 1
2 50
5 27
4 44
1 68
6 69
4 57
4 64
6 43
2 60
2 36
8 69
10 12
3 88
1 27
6 91
2 49
8 29
7 56
6 29
8 17
10 52
9 61
10 75
1 63
4 13
1 18
8 5
10 54
7 66
10 54
4 35
8 22
2 2
4 30
1 48
1 31
8 16
1 72
3 50
1 59
8 26
9 71
4 26
8 37
5 15
10 11
5 45
7 99
4 24
1 44
4 58
3 88
5 79
9 48
5 41
10 76
6 39
7 33
7 42
6 42
4 64
6 36
2 90
5 0
8 67
6 13
10 71
3 46
2 36
7 74
2 81
1 31
5 56
9 52
2 13
3 69
4 25
9 15
4 29
8 71
3 71
5 66
9 1
2 99
10 14
8 35
6 14
8 24
10 94
4 80
5 51
9 75
6 28
3 27
2 16
1 60
6 6
9 22
6 87
6 8
8 25
7 60
1 69
10 46
1 60
5 5
4 64
5 11
9 34
6 1
7 65
5 69
9 47
3 14
9 12
9 79
2 71
3 40
10 99
8 79
10 59
2 53
1 27
10 93
6 16
10 59
6 57
6 94
9 15
9 13
1 76
9 74
6 24
3 52
4 8
3 37
4 85
9 3
1 0
8 45
8 16
4 49
9 49
9 88
7 91
9 45
6 36
8 64
5 59
8 38
10 79
1 56
3 10
8 23
3 95
1 43
6 48
6 18
7 30
1 49
5 23
5 39
8 68
5 18
6 28
5 69
1 35
10 60
1 40
4 78
8 71
9 75
6 82
9 45
6 30
4 31
8 79
6 81
7 26
5 2
3 10
1 31
6 18
7 80
4 0
1 40
4 97
9 100
1 21
7 24
7 48
7 100
4 85
10 66
10 92
1 5
5 76
5 35
3 46
5 14
5 74
4 85
10 89
7 79
2 62
3 48
6 55
6 90
3 33
3 58
2 91
5 50
5 64
2 25
1 95
3 55
6 91
9 35
1 35
10 45
8 64
7 0
2 88
8 9
4 96
8 35
2 76
4 8
9 79
5 57
10 62
5 26
4 29
3 48
10 29
9 36
5 28
9 95
6 15
7 38
8 87
8 28
9 80
2 33
5 32
2 18
10 47
6 13
9 97
3 77
3 100
10 61
8 1
8 40
9 90
9 94
6 76
6 72
2 82
9 16
7 48
1 33
8 98
4 37
9 51
8 22
10 100
6 52
4 56
8 65
8 63
7 8
6 57
2 79
6 50
2 22
7 7
7 83
3 23
5 54
4 50
3 28
10 50
5 93
1 24
3 47
8 23
8 4
9 70
9 53
2 73
6 12
10 97
3 78
10 90
4 17
9 15
5 42
5 87
3 43
7 93
9 46
9 31
8 99
10 49
9 96
6 90
1 69
5 49
1 8
6 57
8 64
2 0
7 13
8 66
4 60
4 76
2 91
1 3
2 19
6 31
1 58
3 26
2 32
4 2
2 65
5 92
5 75
6 27
6 71
6 46
5 37
2 59
4 6
5 3
2 73
3 98
6 6
7 50
2 16
1 99
9 89
8 75
10 68
9 47
9 25
8 25
3 96
1 80
5 92
6 49
3 69
8 78
10 49
2 48
1 36
3 1
7 33
5 34
3 61
10 10
8 74
7 52
9 11
10 25
4 93
4 100
1 67
1 0
6 39
3 23
8 27
4 56
8 70
8 69
1 96
10 92
8 68
7 40
10 90
1 85
8 100
5 70
7 28
10 45
5 72
3 4
10 94
2 100
10 4
9 69
9 69
1 87
9 53
6 24
5 36
3 17
10 90
10 29
8 64
4 22
1 76
6 5
3 81
8 27
4 78
9 21
5 64
8 26
9 49
4 99
7 11
10 1
8 73
6 3
10 2
8 55
5 13
2 27
6 24
10 46
6 77
1 1
3 31
5 1
7 20
7 75
1 92
1 52
5 80
5 73
5 100
10 5
3 22
7 7
4 92
3 35
5 100
6 24
6 87
7 60
1 66
5 7
7 100
10 13
3 33
7 55
4 29
10 51
2 34
3 53
4 43
7 73
3 62
4 59
8 91
7 69
8 54
4 21
6 62
9 82
9 40
5 72
1 49
10 17
6 1
6 89
2 63
4 31
3 95
6 70
10 88
7 30
2 35
6 52
9 9
3 95
6 75
4 33
3 95
1 88
8 49
4 18
3 61
7 76
9 40
5 85
3 29
4 76
1 26
4 46
6 76
4 45
8 17
8 66
6 67
3 45
8 57
6 82
8 69
9 28
1 71
6 48
8 87
5 87
10 70
6 21
4 66
2 29
3 88
2 81
2 57
8 73
9 45
9 30
1 41
1 42
6 98
9 52
5 10
4 66
10 58
1 0
6 18
1 37
9 11
1 36
9 14
7 43
1 18
3 73
3 77
10 54
9 25
8 97
1 34
6 29
1 0
3 15
9 66
7 59
6 55
10 68
3 49
9 28
1 42
4 58
5 75
6 79
10 43
6 66
8 99
1 25
10 6
2 34
10 63
3 19
3 15
1 22
10 55
4 28
4 24
8 30
3 66
6 59
9 73
7 2
7 77
6 70
3 58
8 44
10 65
8 96
6 99
10 34
4 4
8 85
5 79
3 93
9 24
1 75
10 67
3 89
1 63
3 9
1 62
4 76
2 63
7 42
10 78
7 19
2 77
4 6
7 17
5 17
1 60
1 77
1 39
4 24
7 3
2 88
10 59
1 89
10 93
9 73
8 62
3 19
4 63
4 56
1 6
10 24
5 50
6 74
5 90
4 91
6 47
10 52
6 99
2 40
7 27
3 64
3 16
6 8
10 2
1 71
10 61
2 28
7 61
10 62
2 50
1 61
6 88
10 11
1 90
1 1
7 78
4 72
10 71
6 10
4 92
5 46
6 75
7 56
8 16
5 39
5 87
1 37
9 60
1 34
7 81
10 2
7 25
10 97
2 16
7 31
9 94
5 35
2 34
7 16
8 45
1 81
7 26
6 79
1 43
2 35
4 91
6 32
4 7
3 94
10 88
9 74
4 38
6 41
6 17
4 71
5 3
8 56
7 58
8 17
4 66
6 4
5 18
5 23
4 26
6 44
1 16
9 98
10 4
6 93
7 96
3 92
4 17
7 89
10 90
6 53
10 45
1 86
6 25
8 54
3 9
10 8
4 77
6 57
1 9
5 66
9 75
9 99
6 93
5 44
9 49
10 51
10 7
4 2
1 74
8 88
6 56
10 77
8 79
4 94
7 71
9 12
3 74
8 33
2 41
5 91
3 48
4 41
3 60
2 86
7 58
8 44
2 34
3 5
8 66
7 50
4 36
3 66
7 44
3 50
7 26
10 80
1 0
3 74
2 22
4 87
4 45
7 30
10 12
2 19
2 56
4 8
4 26
1 47
7 29
4 91
5 99
5 82
7 21
4 96
9 57
10 25
4 41
1 0
2 62
6 63
4 55
3 76
3 11
7 26
5 80
2 32
9 51
9 51
7 22
3 24
3 13
6 16
8 85
8 74
4 96
10 67
8 27
9 56
1 60
8 54
1 17
9 87
5 25
2 31
5 87
6 54
5 80
8 62
8 53
10 63
4 45
8 81
9 22
8 82
8 99
3 72
7 34
6 10
3 53
6 50
3 55
3 43
7 36
2 41
10 17
6 91
2 0
6 92
4 48
1 20
2 60
1 83
7 69
3 50
7 34
9 22
3 66
5 86
2 58
3 22
10 92
7 79
3 59
5 64
10 13
1 22
9 75
2 6
6 49
7 17
4 59
1 85
1 96
7 53
4 55
6 78
8 19
4 78
7 11
9 65
9 65
10 1
2 19
9 12
3 32
3 84
6 70
7 96
9 20
4 18
4 7
4 61
10 43
3 25
5 95
2 72
1 80
5 65
6 49
3 53
2 67
2 18
7 14
4 30
8 71
9 41
9 61
9 9
5 41
10 92
3 11
1 4
4 78
5 43
4 96
1 24
6 82
2 92
3 88
7 34
4 61
2 42
8 32
9 93
1 5
7 53
6 8
1 25
1 29
7 3
3 46
6 3
1 18
3 35
10 79
1 67
2 81
3 82
2 31
2 39
5 74
1 38
6 48
2 50
3 28
8 90
10 1
8 3
3 65
10 49
2 85
3 83
1 30
8 65
7 19
5 21
10 4
4 60
2 66
2 12
1 49
3 23
7 63
2 26
7 58
5 13
2 86
1 9
7 23
9 7
8 66
5 58
4 84
1 44
10 76
2 44
4 50
6 87
6 69
4 42
9 81
10 19
6 72
4 70
3 11
4 48
2 12
1 52
5 71
1 95
10 35
8 71
7 88
6 4
4 42
2 21
8 17
10 31
7 32
1 35
1 52
9 13
4 32
6 63
9 44
7 40
10 97
3 24
1 25
7 49
2 77
10 6
1 47
7 63
6 21
1 98
1 4
1 95
2 45
10 59
6 6
9 97
7 25
6 4
8 78
6 78
3 24
1 44
9 68
7 41
7 30
5 86
8 47
1 74
7 99
2 41
6 95
5 56
4 53
10 43
10 80
4 15
8 31
3 24
10 49
6 50
3 81
3 12
3 93
9 81
7 99
2 78
5 70
5 52
6 77
9 98
9 67
3 41
6 88
5 86
3 41
5 37
5 56
4 93
8 9
5 87
2 3
1 28
10 82
8 81
4 11
5 40
5 44
9 95
3 81
8 87
7 51
9 97
2 90
10 57
9 67
8 67
4 95
2 82
1 55
9 89
5 4
4 87
6 34
7 4
10 8
6 77
2 88
2 97
5 84
6 45
3 62
5 29
1 86
2 37
6 17
8 1
4 40
1 11
6 26
4 42
5 79
6 57
10 61
10 50
2 27
4 48
3 8
1 4
2 54
5 76
1 61
10 46
10 98
3 76
7 48
3 32
3 21
10 38
7 71
8 24
5 63
9 28
10 39
5 47
9 82
1 58
1 92
5 20
6 49
2 10
3 32
9 27
7 57
10 6
8 83
6 41
1 21
8 23
5 40
1 75
7 85
6 50
8 52
8 98
2 26
3 43
8 41
3 44
4 0
5 74
10 42
2 13
9 17
9 4
6 44
10 51
9 1
1 90
7 71
3 43
2 98
1 94
6 21
10 61
1 70
3 98
10 51
2 93
9 88
8 3
6 29
3 54
1 38
8 4
3 9
10 59
8 90
10 78
5 10
4 41
7 38
3 8
3 84
8 6
3 85
6 26
8 33
6 90
2 48
4 45
3 24
10 45
5 95
5 99
10 43
6 50
2 61
7 39
1 47
3 94
6 45
7 85
8 68
7 22
8 76
2 42
3 25
6 80
4 97
8 92
5 76
9 39
8 35
5 56
4 44
3 83
7 100
1 96
7 38
10 82
7 60
1 62
10 70
3 10
3 21
10 16
1 14
10 81
1 62
1 49
6 34
3 25
8 16
8 98
10 22
6 29
8 33
8 80
7 98
7 50
4 33
10 59
10 73
2 26
4 66
2 89
2 61
5 98
7 76
4 8
3 75
2 1
8 34
10 25
10 15
10 92
4 55
8 72
10 33
7 81
7 99
5 20
10 85
2 54
10 44
6 62
1 61
9 73
10 94
1 29
6 1
10 91
8 52
9 77
9 82
3 19
3 3
1 94
8 26
1 88
7 52
7 87
7 85
8 51
8 17
3 53
5 14
10 20
4 63
9 87
9 37
3 7
8 96
6 4
4 20
4 52
7 13
6 40
1 78
3 81
10 75
8 98
1 70
3 20
10 65
4 93
1 41
7 51
2 7
7 68
5 17
7 89
3 88
7 45
2 72
3 29
6 6
10 61
4 18
9 71
10 36
9 61
10 95
5 80
1 16
6 65
9 64
7 11
7 26
10 45
1 18
3 18
1 98
7 84
6 96
9 27
4 79
5 92
3 12
5 27
9 7
5 88
5 85
3 84
9 15
1 60
10 70
5 39
3 12
6 66
8 55
1 70
8 86
6 92
8 71
9 42
10 39
5 93
2 67
5 87
9 86
6 53
7 36
9 77
9 65
8 89
3 29
7 19
1 66
9 81
4 23
7 90
6 98
7 42
4 4
3 30
7 17
3 91
2 0
7 99
4 64
4 0
8 79
5 16
9 84
10 43
6 97
9 53
10 86
9 9
2 81
3 63
8 16
8 56
3 15
3 75
4 75
2 91
1 43
8 53
1 65
9 77
6 32
2 59
4 85
5 21
4 61
7 2
6 66
2 35
8 75
5 34
5 17
10 50
7 13
2 39
9 57
4 56
9 10
6 77
6 94
7 61
2 77
4 66
4 51
6 8
7 90
9 9
2 21
9 62
3 74
9 18
4 12
10 89
3 22
9 64
1 69
7 81
6 90
7 16
6 33
7 35
1 18
5 94
9 31
3 32
9 19
1 45
1 86
4 41
2 55
5 25
1 99
7 74
9 12
2 70
6 17
7 19
6 48
8 99
9 59
5 81
6 51
2 45
10 63
7 4
9 49
1 79
5 15
2 40
1 35
9 17
3 83
7 24
5 29
9 25
1 51
5 99
6 40
2 39
8 66
8 96
2 52
1 25
1 84
9 71
8 89
6 77
7 98
6 62
9 44
4 26
8 63
2 34
3 70
3 38
5 89
2 65
3 45
3 4
6 38
3 86
6 36
9 20
4 81
2 47
1 43
2 91
4 36
9 81
4 31
6 38
8 4
7 97
10 57
10 97
8 11
4 76
2 58
6 23
6 20
8 61
4 13
10 69
8 11
3 12
7 65
8 34
1 15
7 79
9 51
5 30
9 36
6 90
5 73
1 18
2 66
10 70
9 89
2 67
1 10
10 56
4 99
10 21
3 15
1 3
5 98
4 85
7 59
5 30
9 32
4 41
3 33
4 5
6 77
8 72
1 52
5 57
10 100
2 2
10 81
5 27
7 24
4 48
6 60
9 59
5 30
7 78
3 37
1 85
9 74
4 78
4 65
3 94
1 13
10 91
6 43
9 60
6 39
7 73
8 61
5 93
7 76
10 93
4 31
1 3
5 73
7 86
5 93
3 74
8 54
8 26
9 41
4 55
5 77
2 88
5 77
5 40
2 15
4 53
9 44
8 54
4 45
2 78
8 81
5 78
1 87
4 67
5 56
3 23
4 40
3 44
9 84
3 78
8 38
4 74
5 22
3 85
3 8
3 63
6 14
7 46
9 92
3 0
4 75
2 59
10 30
3 100
7 27
1 83
6 59
1 45
1 59
2 20
2 62
4 26
10 59
10 42
3 43
5 65
2 52
7 56
7 66
8 24
10 91
7 30
7 1
4 79
4 42
1 83
1 7
9 90
10 35
4 51
9 52
4 7
4 39
3 73
2 100
10 98
10 53
9 99
9 27
2 20
9 44
3 52
9 51
3 93
6 56
8 95
5 34
4 72
2 37
8 18
2 95
2 10
7 21
5 35
2 74
1 15
2 47
10 95
3 49
8 10
9 44
5 21
1 59
8 23
10 42
5 61
3 72
1 48
5 19
7 30
9 87
5 3
6 14
5 31
6 54
6 4
10 2
6 55
8 95
4 26
10 60
5 74
1 87
1 79
9 80
10 53
7 17
9 43
8 89
8 38
8 84
9 2
7 16
4 86
9 77
9 77
2 23
1 61
6 65
10 64
7 83
2 83
1 42
1 30
1 99
2 75
1 79
4 59
4 60
9 2
3 59
6 21
4 71
1 100
2 87
4 92
8 20
7 64
1 21
1 98
1 1
1 31
8 68
6 33
9 18
6 23
1 83
10 55
2 28
10 89
3 95
8 5
1 97
8 92
10 71
9 3
9 8
3 51
4 34
10 80
10 63
5 66
6 36
6 48
4 37
3 62
6 68
5 10
4 40
1 57
7 25
6 45
7 55
4 15
4 88
4 40
7 17
9 53
4 47
10 2
5 45
7 3
9 46
1 17
7 65
5 36
7 67
9 22
1 100
9 8
9 38
3 58
9 22
9 45
4 63
2 41
9 3
1 2
9 72
9 38
8 16
2 49
1 58
8 66
8 52
9 26
6 35
9 26
4 61
6 83
7 78
1 8
3 5
2 95
1 60
10 35
5 100
5 41
4 68
4 44
1 29
10 62
4 4
5 27
7 67
1 68
8 52
4 70
5 30
10 17
2 16
10 52
4 89
8 4
6 98
1 24
8 13
9 82
5 25
6 24
7 39
7 5
9 12
1 4
10 32
9 35
6 70
4 3
4 5
6 62
5 52
3 88
9 58
4 85
3 50
7 42
8 82
1 37
10 7
8 5
8 94
9 52
3 69
2 36
3 13
1 51
1 49
10 93
9 60
8 30
4 59
1 76
8 2
6 27
1 82
6 89
9 7
3 20
5 70
5 10
9 74
9 72
5 14
3 84
6 65
7 86
4 94
4 5
1 16
10 2
3 84
4 31
9 78
8 70
1 44
6 37
3 47
8 69
2 38
5 55
7 48
6 98
6 76
5 34
2 71
10 39
2 41
8 22
6 71
9 41
9 60
3 39
1 56
5 10
8 35
3 92
8 30
7 39
4 78
8 81
10 54
9 83
9 89
7 74
5 81
3 72
7 15
2 72
8 70
6 48
2 11
9 97
6 97
8 65
10 78
8 66
2 54
1 48
7 79
5 26
5 63
7 95
6 60
3 64
10 68
9 12
1 88
7 46
6 71
10 48
8 83
4 8
6 98
4 96
3 16
9 94
1 25
10 11
4 20
4 2
1 4
3 13
5 74
1 9
8 96
1 9
3 69
10 27
1 46
6 71
3 77
9 31
3 35
5 78
10 6
8 49
5 88
10 16
5 99
3 36
10 14
5 0
1 44
1 59
9 74
10 59
8 33
3 91
4 4
2 95
4 78
3 44
10 80
2 76
1 84
7 46
4 100
10 30
8 79
4 30
6 100
2 81
7 33
4 1
4 26
2 3
7 16
4 67
8 38
8 37
8 86
9 95
5 42
3 56
4 13
5 15
1 63
10 19
8 47
9 88
8 52
8 27
8 39
4 60
10 15
7 98
7 83
4 48
6 52
6 64
2 9
7 36
1 70
4 28
5 48
1 0
1 38
10 7
6 19
4 32
2 54
1 14
4 65
5 43
10 77
10 18
3 74
3 77
10 26
3 36
5 10
7 33
2 47
3 75
2 6
7 94
4 22
7 29
10 91
6 34
4 100
8 87
10 38
2 96
5 71
7 91
9 73
7 49
9 73
7 63
7 69
1 60
5 65
8 58
9 91
5 89
3 49
5 89
5 94
7 61
4 75
8 4
1 96
10 96
9 3
6 57
5 30
8 97
3 2
4 12
5 90
7 77
6 66
9 47
3 54
5 25
1 23
7 16
9 49
9 78
2 90
9 24
9 43
3 73
8 96
9 41
10 66
9 97
4 74
10 98
2 98
8 96
8 61
8 76
10 43
6 99
1 33
9 76
8 26
4 64
7 61
1 39
5 32
6 69
10 23
9 7
6 71
4 21
1 93
3 98
9 48
2 73
6 32
9 76
4 2
9 93
4 93
10 93
1 95
2 14
6 16
3 34
2 76
9 82
6 1
6 76
3 100
1 22
7 95
2 99
1 96
7 57
7 54
4 13
5 29
5 8
6 5
4 8
2 83
1 4
5 26
1 97
1 3
7 22
9 95
1 6
6 36
9 8
10 79
10 4
7 44
5 46
4 93
8 94
2 54
5 51
6 14
8 37
3 46
3 89
6 59
10 10
3 99
2 100
7 29
4 0
8 30
5 87
3 100
8 35
4 5
6 40
8 95
8 0
6 84
8 49
5 54
7 97
9 30
4 7
5 81
2 77
9 74
1 67
6 22
6 59
9 73
8 11
2 84
5 54
6 72
9 55
1 89
8 53
6 73
2 16
8 26
10 65
7 83
8 72
1 20
9 2
3 44
3 17
2 43
8 45
10 24
10 40
6 32
7 27
8 100
1 31
9 9
10 45
5 31
5 46
4 38
6 27
1 59
2 55
3 13
2 3
9 27
1 98
4 30
3 86
4 67
9 26
4 52
8 55
3 100
8 28
4 84
5 82
1 32
3 38
5 84
2 40
8 97
3 94
2 10
2 64
9 4
5 49
9 64
7 68
10 97
10 1
10 10
6 100
6 88
4 37
4 26
4 38
9 14
9 84
4 82
9 72
9 11
7 25
7 62
10 86
4 89
8 19
4 23
1 42
2 99
2 34
3 82
6 12
8 34
3 82
3 1
4 24
8 83
3 92
10 59
8 37
5 7
2 8
10 0
3 24
1 56
4 95
9 2
6 91
10 71
1 36
8 6
1 59
8 53
4 26
4 14
10 13
3 72
5 11
7 93
5 36
8 38
10 12
4 36
2 14
7 26
5 85
10 61
8 21
10 3
3 57
5 88
10 11
8 28
9 44
6 64
5 71
5 37
8 10
1 63
7 3
7 18
8 70
1 10
9 45
8 79
6 44
3 20
2 12
9 37
8 24
5 84
1 3
5 91
10 91
3 79
9 5
4 65
1 15
1 57
10 7
3 81
10 65
8 30
8 64
7 93
3 54
6 26
4 61
1 57
1 57
8 40
4 35
9 56
2 17
7 62
9 96
1 65
1 29
1 53
7 59
8 13
6 3
2 3
2 83
2 57
8 95
6 16
3 61
8 73
3 69
6 73
10 94
10 51
2 31
4 38
5 54
10 100
4 71
4 80
3 81
2 44
5 73
10 71
5 90
7 80
8 12
1 83
6 34
3 71
5 11
1 54
10 5
10 91
4 52
4 57
6 1
9 87
9 53
2 27
1 80
5 37
4 24
1 11
4 57
8 67
9 47
7 32
9 91
7 76
8 99
4 60
3 89
4 66
1 87
6 87
4 31
6 82
4 19
4 7
10 86
8 5
4 95
10 90
2 86
1 50
5 16
6 45
3 19
5 84
1 63
6 43
4 13
8 37
6 86
9 90
1 28
3 99
1 88
5 82
9 94
7 76
1 12
1 15
8 84
3 47
3 72
6 91
3 4
3 88
5 34
4 40
3 75
5 27
2 55
3 17
8 67
7 44
3 89
6 90
5 68
2 5
2 73
8 79
8 22
9 35
10 81
10 9
6 39
4 70
6 19
9 3
6 16
6 19
8 31
6 95
9 67
3 94
3 53
7 4
1 75
3 52
9 80
5 48
4 69
1 82
2 80
7 7
10 18
9 21
10 33
4 46
4 55
4 2
2 78
8 79
8 13
3 55
1 77
6 28
2 82
7 37
9 6
10 92
3 8
5 23
4 34
1 55
10 77
4 20
7 29
4 18
9 84
1 79
5 58
10 0
5 52
6 30
4 52
9 71
7 29
5 20
8 87
4 18
5 60
9 15
4 88
7 50
2 77
1 69
10 33
3 67
1 45
6 15
1 8
5 26
8 18
5 35
1 65
1 53
6 0
10 51
6 42
6 37
7 2
1 97
10 42
2 63
7 44
10 76
6 81
8 47
3 63
7 30
8 73
5 24
7 68
6 42
3 16
7 30
4 53
1 44
9 25
3 8
3 38
6 37
8 86
3 19
3 0
4 35
9 64
4 28
5 29
4 18
9 32
9 12
4 34
8 56
9 99
8 75
2 21
7 50
4 64
5 23
5 56
4 63
10 18
2 71
1 52
8 9
9 78
9 25
6 79
8 66
10 33
10 44
8 8
6 3
2 16
1 70
3 53
4 42
5 47
2 44
3 41
8 95
3 9
2 96
5 81
6 100
9 95
3 32
8 7
3 4
3 70
5 39
5 84
1 1
8 15
7 78
3 5
9 9
2 71
8 29
2 59
1 50
6 71
7 50
8 57
3 81
5 13
10 7
6 72
9 12
10 14
3 50
2 71
2 56
8 71
6 0
8 85
8 66
10 100
3 14
4 10
7 67
5 20
3 18
1 1
8 96
8 0
7 60
5 95
3 89
8 29
4 13
2 6
10 15
4 34
10 63
9 4
7 45
6 69
1 73
8 31
3 85
2 81
1 22
6 20
3 9
6 39
10 91
6 39
9 85
8 2
1 54
6 41
1 27
4 95
5 51
10 17
1 36
1 68
5 51
9 10
4 11
9 29
3 18
10 40
1 71
4 42
2 40
10 16
4 36
1 18
1 73
6 27
10 19
3 14
3 52
9 95
8 98
1 70
10 91
5 97
2 35
1 100
1 5
2 80
4 7
1 75
4 67
1 66
7 21
4 48
4 2
2 85
5 8
4 42
4 15
6 43
8 71
5 96
10 39
5 14
4 17
2 98
1 90
9 96
5 2
10 86
6 3
1 87
5 0
3 15
10 29
1 41
6 51
5 41
6 69
4 80
3 82
7 91
2 12
1 44
8 91
9 100
8 99
8 18
1 28
8 73
1 80
7 92
9 96
3 39
1 42
9 33
7 14
8 92
8 86
2 9
2 9
7 54
9 31
9 97
8 97
2 72
8 43
1 58
3 63
8 1
3 48
3 14
10 37
6 30
6 77
4 84
6 42
7 39
2 36
1 9
1 99
7 88
2 53
3 34
10 43
10 9
9 12
6 100
8 69
4 82
10 59
4 76
4 35
1 19
4 26
2 69
2 73
9 40
9 89
6 40
3 70
7 6
10 14
5 57
8 56
1 90
3 32
1 64
4 31
7 89
2 17
5 84
9 23
10 47
4 55
1 59
8 98
2 53
4 70
3 69
1 13
1 10
6 96
5 24
7 53
8 49
8 68
7 20
9 21
10 8
8 22
4 74
10 61
5 94
9 94
4 50
5 66
1 10
7 72
3 8
4 36
7 0
6 10
3 13
9 21
3 2
9 20
3 29
8 73
6 93
3 19
4 50
8 55
8 82
3 46
10 47
8 13
4 18
10 62
1 21
9 78
4 41
2 32
3 4
5 17
3 95
10 64
9 99
6 83
1 12
2 21
10 11
10 90
10 10
8 74
7 83
5 91
4 69
10 71
10 75
6 8
5 86
6 82
4 16
7 10
5 1
5 57
10 28
8 97
8 100
1 46
5 90
10 16
4 100
5 99
9 64
6 82
2 57
8 0
9 54
7 93
5 84
5 29
9 71
9 41
10 36
3 70
2 4
10 59
1 36
5 49
1 94
1 45
4 20
7 46
3 20
7 0
4 48
3 18
8 60
1 0
2 87
3 27
9 86
1 34
6 39
1 45
1 60
1 42
2 56
1 1
9 74
5 95
8 48
4 95
1 39
8 64
9 74
3 40
2 39
1 42
9 17
1 78
4 47
4 88
8 62
9 63
3 11
2 23
5 85
8 32
7 68
10 52
1 45
6 42
8 1
4 94
3 71
9 44
4 14
9 3
8 25
4 69
2 29
3 20
2 90
3 40
4 11
9 34
2 78
8 44
6 65
5 62
10 8
6 61
9 41
10 59
9 20
3 34
9 49
2 97
9 72
2 88
8 37
6 1
1 100
1 26
10 78
7 99
2 69
4 18
1 82
6 93
1 23
6 4
8 77
8 43
2 16
4 57
4 30
9 17
3 26
2 33
9 21
6 8
6 4
9 25
8 92
3 43
1 20
3 21
9 75
10 83
5 76
7 35
4 81
2 95
2 5
1 20
5 92
9 33
8 90
7 37
7 88
3 31
2 41
4 73
3 27
8 3
3 36
4 43
1 73
5 91
4 94
9 36
5 72
3 67
8 97
9 49
5 34
4 76
7 1
2 6
5 67
10 16
9 13
3 91
1 57
4 57
10 99
6 98
7 79
7 39
4 80
6 48
9 19
10 28
9 15
9 65
4 39
1 35
1 33
10 99
2 99
8 47
3 47
8 60
4 6
6 71
5 58
8 46
10 86
2 87
8 17
3 96
2 41
9 56
9 8
6 20
4 37
9 24
2 7
4 5
4 67
10 44
6 69
4 18
2 32
4 51
7 14
1 32
2 18
4 23
8 37
1 94
7 62
4 16
6 9
3 84
10 68
6 38
8 68
8 43
7 63
2 89
2 68
9 23
5 85
1 85
4 31
10 27
10 62
10 32
6 19
1 26
1 61
9 65
3 95
1 44
8 31
8 44
9 9
2 84
4 38
8 98
3 37
2 14
3 8
1 97
7 88
7 13
9 18
3 33
5 42
7 35
7 28
3 13
8 86
2 87
1 73
2 12
9 55
8 67
6 8
5 49
2 7
6 53
3 39
8 62
8 23
10 57
5 84
4 7
5 10
1 57
8 83
10 62
9 61
6 98
1 2
1 69
9 12
3 2
4 6
4 54
4 64
2 93
6 13
10 90
5 90
2 58
8 15
1 100
7 9
9 39
6 93
2 62
5 79
4 65
9 31
4 89
3 59
3 16
3 31
9 66
3 79
10 91
9 18
4 90
5 17
1 83
10 2
7 60
9 85
6 20
7 67
3 59
4 72
8 38
6 22
5 5
4 77
8 13
8 3
3 16
9 8
8 67
7 23
2 51
1 49
10 28
3 70
4 42
8 75
4 57
8 93
9 51
2 45
2 35
2 33
1 46
1 42
3 68
4 64
10 79
10 44
5 97
2 72
3 31
6 82
3 30
5 32
8 37
8 0
9 19
10 41
9 15
4 94
10 74
5 28
7 59
4 46
5 46
1 42
9 89
9 33
4 51
1 27
2 17
8 48
6 39
3 92
8 6
10 100
3 26
3 30
9 57
8 46
6 40
6 27
6 9
5 89
3 88
1 40
1 31
3 69
2 48
2 26
4 29
7 50
9 66
7 39
6 88
2 74
6 71
10 3
2 55
1 58
5 72
7 68
2 21
4 99
1 86
3 99
10 95
10 36
10 58
3 42
3 73
3 57
10 4
1 59
2 68
5 44
7 2
4 10
6 20
1 20
7 63
7 35
4 46
3 4
8 42
8 51
9 73
6 42
8 55
6 82
8 70
10 75
7 64
8 89
1 4
10 63
10 12
3 25
1 17
1 71
3 56
4 76
8 42
7 2
2 75
6 87
9 0
3 1
8 46
10 8
9 33
9 88
7 1
1 73
1 9
2 38
4 85
1 78
8 40
8 36
2 92
7 86
8 10
4 63
2 25
10 55
6 98
10 77
1 2
7 54
1 89
4 22
7 84
4 64
6 55
5 46
4 99
3 42
10 63
9 40
5 88
5 65
5 88
5 78
8 12
2 42
8 24
1 88
5 70
5 14
9 20
9 1
7 12
4 52
4 57
8 77
6 40
1 7
4 15
2 92
2 7
6 34
9 47
10 8
6 62
9 42
6 53
4 37
9 24
8 98
9 66
4 61
1 79
5 18
7 54
7 62
7 70
5 28
9 5
4 60
2 11
7 66
2 70
1 85
4 76
3 96
2 0
9 76
1 44
8 70
8 50
10 32
8 88
1 18
9 1
9 84
10 86
8 1
3 71
4 64
10 25
9 47
9 77
2 47
10 92
4 18
8 87
7 32
10 93
7 45
9 43
2 93
9 19
4 80
9 72
5 94
6 76
5 83
5 22
10 85
4 5
2 83
5 7
4 28
6 83
1 58
1 87
9 11
1 71
10 59
9 16
8 72
9 96
1 44
8 10
7 1
2 84
8 31
8 67
8 3
5 87
8 55
3 11
1 71
8 86
3 44
7 73
5 32
1 77
8 8
1 67
8 59
3 53
10 15
7 5
8 98
9 44
1 50
4 19
5 32
1 82
5 82
8 93
2 60
6 65
5 24
7 10
1 71
1 21
10 82
7 76
3 51
4 42
9 3
5 79
5 66
4 4
2 31
7 28
10 34
1 98
4 81
1 40
4 46
1 3
8 4
8 20
10 11
9 9
9 52
7 68
2 15
4 0
9 20
5 28
2 95
2 62
4 28
6 18
6 93
3 51
1 17
9 26
5 98
7 85
4 95
4 100
4 13
10 17
4 77
5 83
1 26
6 96
3 45
10 24
6 65
9 2
4 79
7 71
10 4
7 10
4 71
2 9
9 30
6 76
10 39
9 97
3 16
10 93
7 18
6 63
9 2
3 20
9 52
6 11
6 70
8 58
4 11
5 16
3 11
9 3
1 14
3 45
10 16
1 81
7 100
5 30
7 43
9 61
5 41
9 34
9 4
6 33
9 98
1 69
10 24
5 59
7 74
4 48
9 34
4 39
7 3
7 63
8 19
1 0
10 96
4 76
4 8
3 79
9 86
10 55
3 32
9 14
10 9
7 13
5 67
8 22
4 67
10 31
1 3
9 68
9 71
5 44
6 53
4 91
10 36
8 24
7 28
7 87
2 7
1 74
10 67
3 38
10 32
8 86
6 3
2 34
2 79
7 73
3 63
3 79
9 70
3 7
4 99
9 37
1 58
4 58
8 40
9 78
4 11
8 24
10 100
3 88
3 77
2 88
5 49
3 73
7 10
1 16
2 39
10 72
8 40
9 64
10 19
2 25
3 36
5 5
10 96
10 15
5 65
3 9
1 14
3 23
1 5
3 91
3 21
4 1
3 50
3 70
1 12
5 47
4 77
2 78
8 61
8 63
7 66
2 39
7 53
8 48
6 5
5 37
2 59
2 42
1 43
8 60
10 30
2 81
6 54
6 56
6 54
3 87
7 17
5 9
5 7
2 100
5 27
1 79
5 10
9 62
1 9
6 80
7 94
4 73
10 35
6 90
3 1
6 80
1 37
6 97
4 13
3 6
8 44
8 6
10 4
2 95
4 7
1 3
7 80
9 15
6 58
5 69
6 14
3 82
8 67
3 47
9 35
3 12
4 95
5 28
9 12
8 89
1 78
7 25
10 58
7 60
8 0
1 68
2 57
4 13
4 65
7 3
7 32
4 89
9 60
7 64
1 99
3 8
10 6
4 28
10 98
6 19
3 33
4 91
3 55
2 93
10 61
9 72
3 34
2 66
10 74
8 13
8 33
5 63
7 35
2 81
5 61
7 54
3 91
3 35
5 47
7 26
2 36
9 60
3 51
7 31
7 7
2 60
5 92
10 19
2 77
5 61
10 14
4 17
7 83
1 85
9 12
3 13
6 84
3 55
7 45
1 25
9 13
5 98
3 15
4 56
2 93
7 8
1 3
5 5
6 26
2 88
1 68
3 10
2 11
3 77
5 17
2 55
5 31
7 57
1 64
8 65
4 66
1 4
5 55
9 58
2 35
1 95
9 53
7 69
8 92
6 62
4 84
5 19
1 69
4 97
9 88
9 30
10 88
4 11
10 36
2 82
5 17
2 60
9 40
8 64
4 33
2 67
4 70
7 70
1 84
8 39
10 76
3 45
10 75
2 72
8 90
2 1
8 47
7 19
6 75
7 12
4 100
5 64
10 42
8 4
1 51
10 94
8 46
2 46
2 64
6 19
1 9
9 6
5 64
9 32
8 19
3 47
9 86
7 44
5 99
2 64
8 76
8 42
9 14
3 80
5 56
7 57
7 92
3 26
7 72
5 11
3 84
3 38
2 95
5 3
9 12
9 48
7 31
10 70
3 92
8 75
8 16
9 70
6 86
1 99
10 67
1 64
8 52
9 78
10 81
2 50
10 73
7 64
2 59
10 15
8 34
8 97
9 37
5 27
8 78
1 95
7 17
1 99
8 92
3 79
10 50
1 88
4 40
7 97
1 17
7 13
1 70
4 33
7 30
3 39
4 12
3 20
4 42
5 60
3 24
1 4
9 45
3 29
10 81
2 35
9 97
5 84
2 3
6 41
6 23
9 54
8 23
6 42
3 6
10 1
3 97
9 27
8 71
7 80
2 28
2 77
3 39
2 55
6 88
7 79
5 86
2 99
3 74
4 29
6 11
8 51
5 50
10 31
1 24
10 86
10 19
8 2
1 59
3 7
4 24
8 60
1 10
3 90
5 31
10 53
4 76
8 17
7 79
2 30
3 31
10 78
2 54
10 90
4 84
7 2
8 25
6 26
3 65
4 16
9 44
5 89
5 91
4 81
9 68
5 96
7 8
2 39
6 100
1 57
8 45
4 45
6 32
1 40
5 21
1 75
1 24
3 41
1 59
3 33
9 11
4 11
3 77
4 7
7 2
2 85
1 98
4 80
2 81
10 77
8 100
6 64
6 89
5 61
6 29
6 59
5 6
2 88
9 8
2 11
5 40
9 83
8 33
1 71
1 11
1 100
9 80
3 68
3 12
2 12
10 27
5 94
9 20
7 86
7 51
6 99
8 94
7 44
8 100
7 58
9 97
4 48
1 18
9 80
4 78
8 39
9 49
8 33
8 96
5 80
10 54
8 34
1 56
9 77
1 95
10 15
1 22
3 13
5 8
3 29
7 1
4 3
1 74
9 4
8 20
8 5
6 23
7 21
10 71
8 39
8 38
4 73
2 41
5 55
5 9
4 26
9 2
8 22
8 31
6 2
7 39
10 40
3 98
2 19
1 48
9 5
4 16
4 60
8 17
2 79
9 33
6 35
2 10
2 97
8 84
8 26
6 67
1 82
9 72
10 94
1 21
6 56
1 51
2 14
7 50
6 85
7 29
7 78
8 39
5 35
3 26
6 15
1 29
5 18
7 51
5 43
7 66
10 89
4 44
8 1
5 6
6 56
6 51
8 27
10 78
5 33
2 70
8 97
4 82
5 8
8 53
5 69
2 61
6 74
1 34
2 80
5 83
7 41
7 6
5 92
5 59
6 7
2 11
6 11
4 47
6 44
9 74
4 58
5 90
7 86
6 60
2 23
1 61
5 60
3 5
10 62
2 44
1 86
6 31
3 87
2 15
3 6
3 9
8 78
6 15
5 74
8 2
5 98
9 84
10 18
4 62
4 35
9 100
6 79
4 25
7 56
9 77
4 63
3 87
4 74
10 48
9 75
9 74
1 59
9 94
1 50
2 5
6 89
9 38
4 40
4 54
4 27
2 32
9 31
9 80
9 53
4 75
8 6
8 35
4 31
7 91
3 62
7 20
1 32
5 67
10 67
10 25
3 5
5 95
10 75
3 92
1 54
5 48
9 75
2 8
9 38
6 42
10 84
1 39
3 83
1 91
4 55
6 95
2 11
1 6
9 100
8 9
10 7
1 48
10 77
6 44
8 14
4 12
7 37
9 68
2 6
6 72
1 17
10 89
10 90
7 59
8 4
5 24
5 55
9 48
2 27
4 36
1 1
2 43
3 97
5 90
4 84
7 59
7 34
9 78
6 97
1 86
9 13
2 39
3 27
4 26
7 51
6 36
1 69
2 34
4 70
6 86
3 85
8 24
2 65
4 3
10 4
3 47
4 66
2 89
1 19
6 32
7 74
3 18
10 46
2 79
10 64
3 78
7 54
4 43
1 47
10 70
2 1
2 0
5 36
6 59
5 64
6 3
4 30
5 41
7 73
4 64
10 91
1 95
9 72
1 64
5 19
8 84
7 13
2 50
3 83
4 27
2 72
8 8
4 0
1 20
10 67
1 61
2 33
4 98
3 12
2 88
4 10
2 65
10 47
8 27
8 41
4 49
3 32
2 20
3 40
10 74
1 11
10 26
5 24
7 49
5 97
8 57
3 25
6 2
4 68
5 10
2 42
3 90
10 3
10 96
8 8
10 10
3 4
4 21
4 7
10 33
2 36
7 28
4 0
10 61
7 12
9 14
9 40
9 78
2 57
4 67
5 25
2 25
7 89
10 49
7 76
2 5
7 46
3 27
8 62
10 70
1 20
1 47
9 2
5 6
9 49
10 91
5 38
8 99
2 46
7 44
1 5
4 2
6 99
5 59
6 63
9 2
2 88
1 94
5 96
7 63
8 33
1 2
9 19
10 73
4 6
5 32
2 52
8 36
6 89
5 4
10 33
3 69
4 97
2 7
5 78
5 51
7 11
6 34
6 61
4 89
3 34
7 2
3 15
3 40
7 20
6 48
6 74
5 11
10 52
4 73
4 71
7 79
4 63
6 88
9 60
2 54
4 6
9 91
8 77
3 42
1 26
9 92
9 27
1 33
2 97
8 100
6 30
4 83
5 92
5 36
10 45
10 28
6 74
3 25
10 27
10 14
4 8
6 94
5 94
1 83
8 50
8 5
3 4
9 54
9 21
7 68
9 64
10 62
10 28
10 69
1 85
8 60
4 11
9 7
8 23
2 52
3 18
1 97
7 73
6 64
5 18
2 77
7 65
3 89
10 31
2 30
9 41
10 18
9 77
1 61
4 27
5 62
2 39
8 92
9 55
4 93
1 63
3 95
9 41
9 12
5 31
3 88
6 20
6 15
6 80
10 93
7 66
10 36
8 7
9 0
3 15
6 26
4 64
4 86
8 9
2 9
3 56
6 93
4 100
8 53
2 56
2 14
2 5
9 33
3 97
9 59
1 65
4 59
10 96
7 25
4 23
4 9
8 5
3 49
8 32
10 34
3 21
9 51
8 66
6 44
5 96
2 50
9 41
8 37
9 62
7 96
2 20
5 40
7 21
10 60
7 37
7 94
3 69
5 79
2 47
6 23
7 97
10 83
2 20
2 85
10 8
7 48
9 86
1 72
7 22
3 66
9 27
3 92
8 65
2 72
4 100
7 11
6 50
4 60
4 88
8 11
2 16
7 23
4 55
8 6
9 83
7 32
2 11
1 32
10 9
7 90
3 14
1 78
1 67
2 78
5 26
9 17
4 21
5 22
8 54
6 74
6 43
8 59
1 47
3 17
5 59
10 92
2 19
10 23
1 100
1 46
10 22
3 1
3 44
9 13
5 67
4 66
5 16
2 23
4 2
4 42
4 88
4 21
9 82
7 37
4 52
7 100
1 29
1 22
8 17
5 9
5 52
4 81
3 73
1 99
5 78
2 59
4 70
2 78
1 90
9 33
1 49
2 24
5 63
9 1
5 1
2 39
7 38
10 30
8 41
5 20
10 17
3 30
10 1
10 29
5 90
1 12
1 86
7 30
3 26
8 11
1 50
4 75
2 57
8 27
4 91
9 80
8 23
3 13
5 66
10 8
2 62
5 16
2 50
8 62
7 75
9 70
8 68
5 54
1 50
2 83
5 92
4 80
3 73
9 93
5 58
10 12
8 7
6 4
6 13
8 40
6 92
4 22
9 35
1 38
3 96
6 43
1 15
1 21
9 89
3 98
6 54
7 46
4 56
4 8
7 75
7 87
9 46
2 96
4 90
1 15
10 46
10 30
6 31
3 54
3 92
2 91
8 55
4 69
7 39
3 0
10 79
1 49
10 14
5 84
2 73
9 6
7 7
5 27
6 82
5 32
9 42
2 94
8 83
4 38
6 57
7 33
6 52
9 65
6 82
5 11
3 65
2 69
9 40
7 61
9 82
9 56
3 16
6 28
9 26
9 83
10 92
4 15
8 28
3 12
6 78
8 25
9 32
4 5
5 22
7 79
8 87
2 96
1 82
2 30
8 7
3 79
1 11
4 68
2 82
8 80
5 95
6 54
3 70
6 24
8 76
4 2
8 64
6 67
10 30
9 46
6 76
8 90
8 22
5 18
6 33
10 98
2 65
8 63
7 51
10 54
2 26
9 47
1 87
1 100
4 99
4 54
6 91
1 80
6 84
5 93
10 11
6 39
6 94
1 54
5 32
8 76
2 56
5 71
10 35
1 36
5 26
8 55
10 77
3 36
8 55
4 76
4 31
10 92
4 57
9 52
9 90
5 56
4 62
1 59
4 49
6 58
9 85
6 25
6 52
7 91
1 31
8 18
3 68
4 0
4 7
9 81
10 28
8 33
2 81
3 34
5 0
7 37
5 70
8 12
2 4
4 3
5 36
5 7
3 23
7 44
1 47
6 99
1 6
5 93
2 9
4 57
1 59
10 76
10 76
8 34
5 88
2 94
6 53
8 77
8 26
10 10
8 2
10 73
1 40
8 38
4 37
6 7
3 23
10 36
4 72
4 94
8 26
4 40
2 39
8 32
2 64
10 94
5 91
6 75
6 93
8 21
1 12
4 27
2 17
6 47
5 83
1 76
4 45
6 12
2 98
4 25
8 79
2 82
6 43
10 68
10 86
10 16
4 95
1 53
5 90
8 3
10 25
10 17
9 75
5 43
4 67
1 97
9 8
2 99
5 39
4 10
6 4
10 74
7 8
10 2
6 41
2 11
9 15
1 19
2 68
5 71
3 27
4 15
5 77
7 42
5 3
4 4
4 28
1 53
1 1
2 46
4 61
8 68
10 11
5 3
10 13
4 44
8 22
7 52
2 33
7 20
1 68
2 18
6 69
1 14
4 18
1 28
9 13
6 55
10 61
1 86
3 55
3 62
7 46
7 61
5 72
5 1
4 52
7 19
8 96
2 78
2 90
2 69
2 53
9 27
9 20
8 52
7 78
2 98
2 4
4 21
2 49
5 47
10 45
7 19
5 7
4 16
5 27
9 43
3 58
3 21
7 27
1 87
4 100
6 87
7 5
3 13
6 54
5 27
1 25
1 10
1 2
2 78
3 3
10 11
6 39
5 85
5 82
7 48
4 61
2 53
5 49
8 90
3 84
8 85
4 81
1 65
7 56
3 83
9 61
10 56
1 32
8 57
4 40
1 96
10 97
7 76
1 34
5 37
8 81
4 27
5 4
9 73
10 57
3 81
3 40
9 88
9 68
5 25
4 98
4 41
7 60
1 71
2 35
1 71
2 8
8 85
6 60
5 40
6 92
1 9
9 45
10 81
9 5
10 89
4 18
1 67
1 53
1 7
1 10
7 86
4 5
2 63
1 88
3 97
5 83
6 17
6 91
7 14
7 68
4 87
6 19
8 76
6 22
10 42
5 81
7 19
9 51
5 88
5 13
8 2
6 22
5 30
2 13
10 25
9 3
10 11
8 54
1 50
8 71
1 51
7 7
6 93
3 41
4 62
2 23
6 98
1 85
6 88
8 58
9 39
6 19
6 17
1 40
7 84
1 4
9 78
7 3
9 36
4 82
5 23
5 35
10 58
9 44
7 84
7 100
2 34
7 20
5 57
2 33
3 4
2 1
8 3
7 97
4 11
3 89
6 69
3 29
2 3
10 19
9 9
7 34
6 95
2 83
6 81
4 74
3 18
2 79
3 64
2 59
8 52
2 44
3 26
2 76
6 91
8 42
2 92
3 40
6 55
6 67
5 49
10 56
10 31
2 52
7 66
5 34
5 1
10 94
1 78
6 35
3 7
8 54
7 4
10 67
1 55
2 64
1 18
8 2
9 62
10 86
9 9
1 1
2 75
6 45
9 6
10 38
5 21
1 78
4 38
3 49
10 90
2 9
5 55
10 55
10 82
3 70
8 19
4 9
10 58
1 5
5 9
7 37
10 86
4 32
5 94
8 34
1 17
4 100
5 19
5 42
9 23
5 6
5 53
5 100
8 83
8 20
4 30
9 95
2 47
5 58
5 74
1 54
7 78
1 55
6 81
10 25
3 61
9 89
5 63
1 94
4 36
3 61
8 2
3 13
10 40
9 34
2 17
8 90
2 94
3 31
3 84
2 10
1 41
9 64
10 20
8 80
10 100
5 24
9 82
10 89
7 56
2 10
7 27
3 40
3 41
6 76
6 85
8 37
8 36
10 17
1 35
5 49
10 97
9 73
1 5
4 39
7 21
3 43
3 36
4 94
9 51
3 99
8 82
5 100
8 42
7 96
6 44
8 74
7 80
8 38
7 98
5 32
6 24
9 58
4 71
5 69
5 94
6 9
4 47
4 41
9 35
5 16
3 30
3 48
4 8
2 38
7 31
7 85
6 97
3 94
7 17
5 2
9 66
8 30
8 98
1 39
3 5
2 16
1 79
8 54
8 24
2 9
9 82
8 14
9 73
6 9
5 92
1 51
9 81
3 99
9 30
8 74
3 23
4 80
4 17
3 42
3 74
9 94
10 97
8 48
2 89
1 6
4 89
8 51
7 95
6 86
7 80
10 87
4 59
10 20
7 46
6 4
5 33
5 41
10 46
3 71
9 41
7 27
10 56
1 2
4 84
3 78
3 80
3 98
10 48
5 8
5 35
2 12
7 17
6 28
5 86
10 10
8 94
8 72
1 99
6 26
3 27
1 57
8 4
7 67
4 83
1 62
1 13
5 16
10 98
5 65
6 30
5 94
3 60
3 44
6 67
1 6
10 33
6 80
5 18
5 25
8 69
8 25
8 66
5 30
6 7
6 61
1 74
8 32
6 24
6 10
6 2
4 37
8 36
5 6
10 8
6 44
8 29
2 75
2 52
8 34
6 7
7 82
3 70
4 57
4 52
3 90
9 36
3 60
2 94
4 95
6 60
6 81
7 43
5 47
8 56
2 29
10 72
9 68
4 22
5 81
3 74
8 70
3 52
5 83
8 59
6 80
3 72
4 99
10 90
3 67
2 44
3 39
10 74
8 2
9 75
2 19
10 42
8 22
5 97
5 78
9 85
9 58
2 44
1 50
7 69
3 40
5 92
10 67
5 77
10 58
9 9
8 54
10 29
6 64
5 98
6 86
3 95
2 37
7 4
9 19
3 80
1 87
5 53
10 15
9 80
9 44
4 68
7 83
9 75
8 97
1 59
4 47
4 66
5 91
5 96
7 86
4 64
5 12
6 11
5 94
6 81
5 98
8 45
1 30
7 27
6 11
1 93
2 80
4 51
10 54
6 37
10 39
2 24
2 40
10 29
5 19
9 67
4 97
7 93
9 76
7 64
5 10
7 46
4 97
8 87
8 58
1 73
6 35
6 34
8 88
6 35
2 3
6 10
10 85
2 85
5 1
2 14
3 28
5 83
10 51
6 36
7 8
2 83
1 3
4 65
10 23
2 18
10 75
5 38
3 66
10 72
7 7
8 82
10 9
6 37
5 50
1 81
5 31
5 55
7 57
7 45
6 16
6 84
7 13
4 81
6 93
5 61
9 1
10 54
10 10
3 59
4 50
4 96
3 40
1 31
7 25
10 30
5 37
4 20
7 5
10 98
10 80
5 48
10 73
7 22
10 31
5 5
9 96
4 5
8 40
5 48
7 62
1 61
10 88
8 95
3 93
2 82
4 27
6 0
7 77
2 98
8 31
6 90
10 27
5 77
4 10
6 2
1 51
3 27
9 90
9 91
8 8
1 94
5 30
3 100
6 97
6 84
3 37
10 13
8 85
1 50
7 40
5 1
3 53
1 6
8 36
4 39
2 14
9 72
6 34
7 70
7 30
7 97
5 25
10 53
4 14
5 93
2 35
10 99
10 6
9 11
9 96
6 45
5 7
9 92
5 3
4 33
3 58
3 27
4 96
2 64
5 48
5 21
4 42
7 96
8 78
3 87
6 70
6 60
1 34
8 14
2 32
6 30
3 68
6 55
4 93
9 35
10 24
4 70
9 95
10 86
1 54
7 93
1 45
2 28
5 95
7 28
2 33
3 60
2 55
8 87
6 55
6 7
4 20
10 22
8 52
1 97
1 19
6 29
7 2
9 58
8 28
9 57
8 80
7 5
6 4
9 2
8 61
9 4
3 93
1 34
6 3
2 29
7 62
10 68
7 27
3 67
3 71
7 9
2 0
6 93
6 5
8 5
2 58
7 18
7 98
1 50
10 10
9 81
4 68
6 74
1 89
9 81
9 64
6 72
5 95
3 54
9 85
3 75
3 70
8 100
8 40
7 65
4 91
10 20
6 9
6 73
3 50
8 87
7 19
9 62
2 45
7 100
10 60
2 39
7 43
4 19
1 37
9 72
1 68
7 82
1 80
9 67
8 21
8 95
4 6
8 75
5 50
4 65
5 89
10 63
10 45
6 11
10 87
6 81
2 11
2 52
9 93
8 73
5 7
7 16
3 41
8 6
2 25
8 62
2 37
7 71
3 50
7 94
3 10
3 72
4 35
6 38
3 76
7 49
6 21
9 73
6 5
1 5
2 93
2 63
10 57
10 5
7 34
5 25
8 42
1 99
8 66
4 15
3 63
5 84
1 46
8 75
4 30
8 16
9 60
9 98
1 83
2 75
7 20
1 60
9 26
5 36
4 70
1 82
4 27
8 89
7 44
1 61
4 70
5 34
8 57
10 61
10 52
7 80
5 47
4 62
5 31
6 0
7 12
4 14
10 94
10 18
5 15
6 31
6 84
2 38
1 31
3 35
8 81
6 89
3 62
9 59
10 60
4 67
8 79
5 21
8 1
9 11
5 43
9 83
4 21
5 62
10 45
6 98
8 6
7 1
6 65
3 48
6 71
4 70
3 61
9 81
8 82
10 31
4 94
3 57
10 87
9 87
7 64
1 82
7 97
6 8
8 75
4 58
2 96
6 6
8 66
1 81
10 100
7 15
5 18
10 27
5 76
6 45
3 42
7 82
2 65
5 12
4 32
8 26
8 52
4 1
10 8
1 25
6 63
6 20
6 94
7 55
1 75
6 50
9 98
6 7
7 61
1 44
1 99
3 64
10 64
8 69
10 100
1 89
8 25
5 4
2 51
6 38
1 71
1 0
9 80
9 93
7 4
10 68
7 46
3 48
1 48
10 59
2 16
4 80
2 99
9 48
8 21
10 74
3 83
7 9
8 84
3 72
2 98
4 77
5 70
2 37
8 60
3 75
3 3
9 68
3 12
7 79
7 25
7 92
1 10
6 66
10 90
2 82
4 19
4 93
7 99
5 59
8 57
6 94
3 25
6 9
6 24
4 25
2 28
4 5
10 52
2 6
8 16
4 31
6 55
5 68
8 29
2 45
9 4
9 46
2 62
8 33
5 45
1 74
1 18
7 52
5 20
9 64
6 43
6 62
7 63
7 20
6 73
4 29
8 37
8 79
6 30
8 41
9 83
5 64
8 68
10 92
3 62
6 68
6 45
6 19
6 50
9 5
10 8
4 97
7 61
6 66
10 47
1 64
9 98
5 66
6 35
8 63
4 68
3 35
2 100
3 87
1 85
1 93
1 100
5 70
8 96
6 59
6 95
2 53
3 36
4 32
10 32
4 4
3 29
8 91
4 93
5 48
7 16
9 100
5 57
4 4
7 34
5 52
2 3
7 87
8 27
6 75
1 85
2 58
3 87
2 55
5 9
8 18
2 59
7 47
6 13
9 5
2 52
2 35
9 17
10 46
6 40
10 5
10 50
7 92
4 43
4 8
2 40
6 88
8 62
9 61
9 35
4 81
7 87
4 68
2 32
5 2
3 0
8 47
8 32
7 54
9 88
5 74
10 51
3 47
9 43
6 77
3 5
9 24
4 60
9 14
7 69
5 20
10 79
3 86
9 74
6 25
4 87
8 77
4 51
2 91
9 15
6 2
5 92
9 78
6 66
2 45
9 44
2 98
7 7
2 34
1 39
6 54
2 2
9 39
3 61
6 63
7 75
10 14
1 58
5 24
6 48
5 54
6 51
1 12
10 46
8 77
1 0
10 66
8 87
8 7
7 55
4 91
5 39
4 65
1 25
4 66
6 78
1 55
7 66
1 80
4 19
5 46
8 0
6 68
6 39
9 74
3 16
2 22
9 66
5 0
3 78
7 88
2 40
10 83
9 69
2 95
4 62
3 25
3 58
3 37
4 55
9 56
9 13
2 50
7 91
2 83
2 43
5 30
4 57
8 47
2 86
1 36
5 90
8 95
5 100
5 23
6 95
6 15
4 25
5 20
10 69
8 73
8 33
6 19
1 97
4 45
5 43
8 51
7 8
10 53
9 94
4 6
9 36
5 39
8 27
9 35
5 50
10 94
8 63
6 55
7 49
2 85
1 79
10 89
3 2
9 11
1 95
7 35
3 44
2 32
4 1
3 68
3 54
5 6
4 48
4 65
2 35
4 84
2 12
2 23
3 55
10 59
6 72
2 91
2 90
4 71
1 11
2 15
1 54
9 93
1 54
5 2
10 88
7 88
3 31
8 98
7 99
8 31
3 0
3 9
5 46
7 23
8 87
1 18
9 35
8 92
4 72
4 44
10 1
8 49
5 25
4 10
1 34
10 99
2 68
5 61
9 34
1 35
4 14
2 32
10 9
10 63
9 99
10 17
3 83
7 37
7 68
2 3
1 92
3 43
9 43
2 65
5 11
5 43
6 8
6 61
6 92
4 76
4 38
5 65
7 88
4 93
2 9
6 74
7 51
4 18
8 30
6 54
7 15
8 75
3 17
2 100
8 69
10 95
7 24
9 15
6 92
7 85
10 34
2 72
7 9
6 98
10 92
4 32
4 57
10 52
2 86
9 24
7 65
6 39
2 53
10 94
4 52
2 38
2 16
3 97
4 86
5 43
7 83
1 55
8 15
2 69
3 25
10 23
8 70
7 98
3 41
10 10
7 83
2 16
1 34
2 79
4 40
5 51
9 33
3 58
4 14
2 41
4 39
3 84
5 16
9 53
4 73
8 82
8 98
9 10
3 69
1 58
2 26
1 74
5 21
8 57
7 85
10 98
4 43
8 56
5 81
7 42
9 69
6 100
8 71
1 7
4 52
6 24
6 73
9 97
8 6
5 23
4 0
6 90
1 12
5 60
10 49
5 0
3 14
7 10
7 2
3 53
1 41
4 79
8 87
7 45
10 45
2 26
4 8
3 6
9 2
9 36
9 29
1 50
8 95
3 65
2 66
1 5
2 41
9 77
10 72
6 6
4 84
6 22
8 62
6 44
6 72
8 18
3 48
7 24
9 2
10 9
1 28
6 42
10 76
6 97
8 64
5 1
2 52
7 62
2 60
6 15
8 90
8 74
5 98
6 39
4 27
6 59
1 55
8 74
10 69
9 32
1 73
5 91
4 53
2 59
5 99
7 100
5 95
2 87
3 40
1 20
2 84
7 26
5 42
4 97
4 48
9 76
10 95
5 75
1 88
4 8
9 95
3 65
5 46
1 25
5 83
8 35
9 43
4 22
4 63
2 80
4 90
6 9
1 2
3 90
10 30
2 96
9 60
9 97
4 29
1 28
4 17
3 84
8 9
10 97
5 27
3 48
3 84
8 80
2 28
3 70
7 61
5 75
3 15
5 51
8 61
1 96
1 14
9 60
1 47
10 4
3 38
3 17
5 7
10 1
5 48
8 53
4 33
4 93
5 52
5 39
5 1
3 63
10 15
6 10
5 78
3 6
2 20
7 57
6 82
5 26
4 95
1 82
4 97
9 99
5 82
7 81
2 17
4 52
1 50
4 46
9 29
10 88
7 85
4 18
1 24
8 6
10 27
4 6
8 56
1 37
2 18
2 91
7 76
10 27
6 34
3 81
8 98
1 97
2 36
6 22
6 46
3 6
2 95
2 53
9 11
10 60
3 88
1 56
8 33
6 92
7 68
9 60
3 36
1 60
10 90
10 82
4 6
7 86
9 91
5 100
10 29
8 14
1 42
1 46
9 48
2 42
6 93
1 30
8 4
3 93
7 25
7 95
7 14
1 87
1 17
4 30
4 84
2 0
1 99
7 5
3 64
2 3
3 58
9 55
8 70
4 57
3 12
6 92
8 27
9 19
8 81
5 67
1 45
3 42
8 5
2 36
3 82
5 16
5 95
8 43
7 91
3 94
3 71
4 34
10 47
2 55
8 1
9 80
10 21
8 2
4 24
3 95
1 11
6 11
9 67
4 30
8 84
9 67
5 83
1 47
9 58
1 61
10 68
4 54
4 38
7 23
3 83
1 75
8 33
2 63
9 74
1 20
8 64
7 60
1 37
6 68
8 22
2 76
9 85
5 91
2 61
7 4
5 19
7 5
8 61
6 80
8 100
2 65
8 86
6 22
6 69
9 72
1 40
9 41
7 6
3 88
3 64
2 42
6 49
7 86
1 70
7 7
7 77
9 4
5 88
3 29
4 39
8 19
5 52
10 76
9 41
6 92
3 88
1 12
8 93
7 62
3 84
10 39
7 96
2 78
1 78
2 96
8 3
3 23
3 84
1 35
7 49
5 23
2 3
10 81
2 31
9 53
5 20
2 21
4 76
10 96
10 25
7 15
10 99
10 49
8 18
9 85
6 6
7 53
6 15
1 57
3 75
10 9
2 78
5 37
8 74
6 27
8 61
3 7
4 56
9 0
9 55
8 68
9 55
9 5
2 95
7 65
10 63
9 27
10 47
6 69
2 14
7 15
6 30
8 88
3 19
2 0
3 37
6 77
6 71
5 5
6 23
7 40
7 78
4 89
3 10
8 0
1 11
9 23
4 44
8 38
9 30
7 10
10 54
7 35
6 77
3 66
5 4
3 89
9 100
6 22
10 6
8 77
7 37
10 2
6 93
1 30
7 33
10 70
3 94
8 26
3 4
8 4
4 73
9 10
9 35
10 51
4 5
1 56
5 30
1 65
4 53
7 37
7 50
8 83
3 13
6 80
9 77
6 55
6 69
3 14
7 23
9 36
1 4
1 65
7 63
4 50
2 34
9 99
3 100
6 60
7 26
9 38
4 97
10 22
8 79
10 46
2 23
10 96
1 52
8 81
8 1
5 96
10 94
3 73
9 15
3 27
3 11
8 39
3 61
8 53
7 89
2 0
8 89
3 80
9 51
5 38
5 73
2 90
8 22
2 80
8 24
1 38
1 25
3 42
6 87
2 92
5 77
10 33
10 38
6 45
5 23
3 18
1 44
2 43
9 34
9 43
7 42
1 97
4 46
5 92
3 7
6 9
3 53
4 78
8 76
4 67
10 9
2 72
9 0
2 71
8 23
9 87
7 41
8 58
2 88
2 83
9 91
9 24
10 87
3 48
3 42
1 88
10 75
3 23
3 26
9 20
2 0
3 18
6 54
1 47
5 87
3 31
5 87
1 10
3 56
2 56
7 23
2 85
10 4
7 85
4 17
1 57
1 59
6 58
2 32
7 78
4 18
1 55
1 55
6 50
2 67
6 24
1 64
1 62
1 44
3 98
8 91
4 50
8 95
9 25
5 83
10 22
1 97
9 16
6 37
5 23
9 72
4 90
2 67
10 11
10 83
4 39
3 93
6 31
6 19
6 31
7 41
7 80
1 56
3 63
2 0
7 37
2 14
5 29
6 76
2 33
5 64
6 32
4 25
10 13
6 78
7 9
3 30
2 19
10 39
4 8
7 15
4 26
9 85
2 92
8 47
6 68
9 3
4 5
3 10
10 76
10 79
5 90
3 73
9 27
3 87
1 72
2 14
10 85
6 60
7 42
3 92
9 1
10 20
9 18
6 50
3 36
10 94
10 85
3 16
5 80
9 65
1 59
3 26
5 68
7 82
6 79
9 63
7 1
1 43
1 77
1 48
10 16
10 58
4 27
6 95
2 95
10 87
6 98
3 95
9 68
4 24
7 95
5 15
6 57
4 48
2 90
10 2
7 97
10 67
4 94
6 32
2 74
4 1
10 88
3 73
1 27
2 86
5 100
8 11
5 20
10 21
9 13
2 85
3 65
4 13
3 71
2 94
2 80
5 94
3 88
10 50
10 4
5 66
5 25
2 98
2 46
2 57
9 88
1 13
5 19
7 95
5 27
9 5
10 17
2 50
2 79
10 49
1 83
6 74
4 48
9 86
5 42
8 89
2 15
5 76
10 67
2 93
4 16
6 24
9 48
6 17
10 84
6 64
2 83
7 15
3 11
10 41
10 32
5 5
10 86
9 46
3 7
5 29
9 81
10 33
8 19
2 73
2 38
8 33
10 74
7 87
8 65
10 12
8 48
9 95
9 71
3 29
8 7
9 46
8 37
3 56
10 22
4 11
9 91
3 16
3 10
4 52
7 94
6 10
1 29
4 9
10 67
8 83
7 82
2 36
8 41
2 81
2 83
10 37
7 2
3 9
2 83
1 9
7 33
4 17
3 47
6 87
3 51
3 17
3 77
7 14
4 75
9 5
9 37
10 22
2 54
9 45
1 98
6 37
2 55
9 38
10 26
5 94
10 30
7 42
2 36
1 42
6 91
7 84
5 47
6 23
1 36
5 99
5 11
2 61
2 8
4 93
4 20
10 100
9 65
9 6
5 69
2 57
4 8
7 0
6 73
5 94
8 29
1 14
7 87
8 24
4 10
7 2
4 14
7 16
9 26
6 20
8 72
2 8
10 39
7 35
1 31
5 96
7 58
8 36
1 55
3 59
10 83
3 8
1 64
9 52
5 70
1 42
3 37
1 35
4 67
6 13
7 15
4 100
2 70
8 33
6 94
8 59
9 16
8 58
6 16
1 69
4 73
7 48
6 74
8 30
4 79
1 8
1 74
7 8
8 19
8 73
9 71
9 55
7 16
3 59
6 55
3 59
3 34
9 56
7 85
4 35
1 41
8 34
9 30
4 14
8 62
5 44
6 67
2 16
4 73
6 97
5 36
1 46
9 29
1 9
4 43
3 9
7 29
10 63
7 25
10 52
2 96
5 40
6 5
1 57
9 51
7 10
9 29
1 0
5 13
6 70
6 66
5 40
9 63
5 12
2 54
2 98
9 14
8 96
2 68
8 55
5 70
3 79
10 99
9 19
3 9
2 38
6 24
1 21
2 34
3 64
6 68
4 57
5 40
5 76
5 47
9 60
1 38
1 35
5 41
3 75
4 76
5 25
9 46
1 44
10 23
3 72
2 65
8 17
3 56
1 49
8 96
1 75
4 85
1 68
1 82
3 59
1 16
9 100
8 75
4 98
5 65
4 31
3 35
8 77
8 59
9 78
9 7
4 11
4 53
10 9
7 72
5 5
9 70
9 82
3 2
3 94
2 63
2 72
5 6
10 37
3 17
1 38
5 11
7 56
6 57
8 42
3 68
10 71
7 3
4 74
7 12
8 6
8 24
5 48
7 56
3 41
7 69
7 83
8 65
1 68
4 34
5 24
5 10
6 77
5 1
1 48
1 35
10 96
8 86
2 15
1 34
9 41
10 73
9 76
1 5
10 45
5 19
10 94
3 14
5 94
6 7
1 6
2 86
3 100
4 8
6 75
9 95
9 84
7 24
9 58
1 57
7 42
1 7
4 51
7 76
10 81
6 38
9 77
3 30
3 49
3 97
7 23
4 52
3 53
8 78
7 42
8 5
3 69
7 2
4 41
1 34
4 50
3 63
6 58
8 14
9 36
1 16
5 21
4 51
5 55
3 22
7 19
2 84
8 30
9 54
2 61
3 48
8 54
10 99
8 78
1 6
4 3
6 44
8 85
2 31
8 25
5 82
9 53
6 47
9 100
1 6
8 27
2 62
6 63
1 8
10 87
10 22
3 99
1 49
6 37
5 62
6 57
8 47
10 68
6 37
10 80
7 72
2 93
4 8
4 48
7 55
2 52
5 98
8 86
6 24
2 57
10 91
6 61
5 3
2 59
1 97
9 27
2 34
10 30
4 54
2 53
2 13
2 79
6 85
4 61
9 43
4 42
7 2
4 40
9 65
3 89
3 34
7 50
3 65
5 35
4 12
1 92
9 5
1 65
9 36
8 60
6 60
10 39
3 26
5 55
5 98
10 59
6 8
5 90
7 73
2 40
9 48
8 85
10 17
9 60
6 6
10 93
7 33
8 44
8 67
2 98
3 49
2 71
3 43
1 56
4 56
9 90
9 12
7 52
4 2
4 60
4 42
9 2
9 51
10 34
5 96
2 28
8 89
4 27
10 46
9 44
4 72
3 24
1 51
7 18
3 36
3 99
4 89
2 62
3 72
4 44
5 7
1 81
7 73
3 69
6 99
8 92
10 64
3 62
3 10
4 96
4 50
3 8
3 65
9 28
2 0
1 99
9 16
2 71
7 65
10 18
5 31
4 27
6 17
8 17
1 10
6 54
3 4
1 23
3 21
2 73
6 18
9 20
3 41
1 10
3 5
9 72
10 18
1 71
6 56
1 94
5 39
7 27
6 24
1 6
1 44
4 51
5 80
6 45
4 15
8 37
4 57
2 37
1 34
2 85
4 8
9 57
3 46
7 29
8 75
2 100
3 22
3 57
9 72
1 30
10 14
8 40
8 99
4 71
3 89
1 66
4 98
8 59
9 55
7 62
3 78
6 62
8 6
10 62
1 39
7 46
5 91
4 3
5 100
3 35
6 29
1 51
8 28
1 21
1 65
6 91
2 32
2 99
5 3
2 55
3 36
10 56
9 35
7 66
3 28
5 25
3 71
9 91
3 44
9 14
5 8
5 36
9 78
5 83
1 82
4 1
6 10
4 84
2 6
7 80
3 11
7 47
9 15
6 46
10 32
3 86
2 97
8 73
3 18
9 2
10 58
7 87
7 88
8 97
4 24
3 3
8 8
1 43
6 62
7 72
5 96
6 71
2 4
9 82
6 56
5 35
6 49
6 8
6 60
5 44
9 86
6 75
1 83
9 36
8 3
2 28
3 96
9 9
10 43
4 10
3 74
2 66
2 3
8 39
1 66
6 3
10 1
5 98
5 52
10 89
10 25
4 75
9 48
8 72
1 29
1 72
2 48
5 74
10 58
1 16
5 88
4 57
10 95
7 3
10 39
4 70
1 95
10 77
8 90
10 21
5 47
6 89
5 14
8 57
3 15
7 97
2 94
5 10
8 63
2 91
6 56
9 33
4 50
5 49
9 50
8 46
9 58
2 88
1 35
8 20
3 54
2 69
1 15
10 95
4 98
2 55
9 81
7 8
8 5
10 70
3 90
9 19
6 63
2 47
9 35
4 20
10 82
9 87
2 88
4 52
6 92
7 30
9 38
8 79
1 11
5 74
5 48
3 81
5 37
10 38
5 30
4 63
4 35
9 62
9 54
2 40
1 94
5 53
10 40
1 61
3 90
3 35
4 50
8 71
1 90
3 46
9 61
8 90
9 50
7 33
3 20
5 32
9 30
8 55
3 12
5 100
9 9
9 99
4 24
9 6
2 87
9 35
9 86
10 41
6 37
10 75
1 0
2 79
4 69
9 7
10 53
3 72
2 52
8 3
9 82
8 35
6 51
7 73
10 82
6 29
4 10
7 13
6 67
10 22
5 52
4 59
6 2
2 17
10 77
2 20
8 51
10 92
9 48
8 2
6 12
6 50
10 75
9 76
6 96
8 1
1 84
5 14
10 23
5 84
10 31
2 87
5 38
8 92
2 8
1 15
3 19
7 26
10 30
10 14
2 64
3 92
10 61
1 0
6 25
10 57
8 86
3 3
5 29
2 98
9 100
3 100
7 87
7 10
7 51
2 71
3 82
5 59
10 7
4 97
1 36
3 43
8 81
4 3
7 87
3 40
1 99
1 48
1 64
2 13
4 69
9 31
8 42
10 41
5 34
2 6
5 6
4 61
3 82
8 49
5 8
1 2
1 40
6 16
8 65
10 5
6 7
4 76
3 9
1 1
5 83
1 66
3 73
9 73
10 100
8 97
1 67
7 93
1 11
10 74
6 93
8 69
4 50
8 86
8 56
5 97
7 44
7 39
2 93
9 40
10 24
6 77
7 66
7 100
9 9
2 40
6 83
1 18
10 6
1 99
1 36
8 99
3 85
3 72
8 64
3 100
2 9
5 100
4 43
3 51
3 37
8 3
9 86
4 100
4 43
7 67
4 56
10 75
7 14
8 6
8 6
7 24
10 28
5 61
6 86
6 16
7 36
1 54
7 28
5 60
5 83
3 38
3 5
3 18
2 36
3 59
10 37
6 28
9 53
5 93
8 21
4 29
10 29
2 24
4 36
7 72
5 95
7 79
9 75
5 48
4 44
2 16
5 44
4 24
3 17
3 48
5 40
3 32
2 99
9 65
2 43
5 1
2 34
3 33
6 78
7 73
3 35
4 67
4 96
5 20
3 89
2 38
10 33
9 20
8 15
1 17
9 22
3 6
8 21
10 56
2 31
7 100
10 55
1 44
8 1
10 99
10 33
5 55
4 100
9 20
1 69
6 5
1 42
7 80
4 65
7 82
8 87
7 94
7 41
5 44
8 59
5 81
10 65
6 33
7 57
8 63
7 56
4 65
4 80
10 3
6 76
6 67
9 11
2 53
8 73
9 52
6 48
4 39
4 10
5 32
10 45
2 78
7 74
7 23
8 51
1 83
1 89
2 10
10 54
2 87
8 24
9 15
3 76
7 95
10 39
5 47
10 44
4 59
2 33
5 18
8 80
6 69
7 96
7 79
2 29
6 74
8 13
7 22
5 26
7 90
5 74
6 90
9 52
7 87
8 65
9 95
3 90
6 97
3 91
2 79
1 9
4 30
2 24
9 86
4 60
1 9
8 87
3 45
6 30
2 86
3 22
7 42
10 29
10 87
10 50
9 5
7 80
1 22
10 74
8 42
4 12
2 90
10 16
8 63
1 11
2 50
8 74
10 86
1 64
3 85
5 44
6 51
6 85
1 43
8 26
4 71
1 15
9 17
7 88
7 83
5 95
8 8
7 100
3 43
1 99
9 72
5 61
7 36
8 0
10 21
6 41
6 96
3 29
7 68
4 85
7 69
6 56
2 66
3 37
6 69
2 57
8 82
5 20
5 89
3 67
6 35
3 82
8 84
7 33
3 57
3 19
2 92
6 100
2 74
6 15
2 92
10 91
3 80
8 27
6 75
10 96
2 18
4 82
10 82
6 34
7 29
10 75
9 49
9 79
6 88
9 48
3 99
3 9
8 95
1 36
10 70
6 49
1 95
9 77
5 31
8 85
7 31
6 90
8 74
10 98
3 35
5 67
3 56
2 79
1 40
1 42
2 94
5 53
1 86
3 67
4 38
9 0
6 37
7 21
2 72
7 63
8 98
8 76
2 86
6 34
6 41
5 33
6 14
8 67
10 70
6 44
5 65
1 48
7 29
8 26
4 45
5 55
7 70
3 2
2 88
1 28
5 4
5 74
7 57
10 5
10 84
10 54
10 19
2 3
9 97
8 42
6 86
2 83
6 71
7 14
10 36
4 80
4 80
7 25
4 76
5 54
4 84
1 36
3 5
9 18
10 28
5 55
2 53
4 28
4 72
10 13
1 31
3 36
5 93
6 7
5 47
5 100
6 26
8 32
4 83
9 59
4 22
8 62
9 85
10 37
6 63
8 10
10 47
5 24
3 34
8 87
7 61
6 60
1 72
6 68
7 100
4 12
2 13
5 98
10 54
4 35
9 50
5 45
8 82
10 17
3 37
10 28
9 99
1 49
5 85
2 58
7 46
4 18
1 69
10 55
10 10
4 42
7 12
10 35
5 63
10 57
8 78
2 23
5 58
1 79
9 49
7 69
8 50
8 92
6 82
6 77
8 59
9 8
10 94
5 81
8 82
6 29
2 17
3 6
4 84
3 95
5 80
4 97
7 75
5 33
3 23
5 78
5 81
4 68
6 9
7 88
3 44
6 33
9 1
10 88
9 6
9 63
5 96
1 7
4 24
2 54
4 25
10 26
1 34
7 32
4 95
1 49
9 26
3 2
7 71
10 47
6 12
4 51
1 30
7 97
9 71
5 62
1 45
8 58
6 65
10 94
9 12
3 17
9 100
8 2
6 75
2 9
6 13
7 83
7 43
1 58
8 50
10 52
10 84
7 99
10 54
2 11
1 7
8 92
2 73
8 72
1 91
10 9
6 65
10 66
10 41
3 33
3 18
5 61
4 7
10 30
2 98
1 77
1 91
9 15
10 80
3 99
4 11
3 8
2 89
8 45
1 45
6 4
4 76
1 0
5 58
3 31
2 71
1 41
6 97
3 78
3 99
9 100
8 44
4 76
3 64
1 18
5 13
1 19
7 31
4 0
5 66
4 46
10 53
10 86
7 16
1 11
1 100
1 3
5 81
1 93
6 5
4 99
7 2
10 65
1 84
10 17
6 8
7 95
10 92
5 60
5 65
9 30
6 77
2 35
1 4
8 67
3 77
8 76
2 92
2 95
2 72
2 3
6 26
6 85
3 67
2 33
8 55
9 13
10 69
3 72
5 53
2 77
2 62
8 61
5 56
8 16
1 41
1 46
3 18
7 58
3 10
4 7
1 43
1 39
2 28
10 15
6 24
3 33
9 12
4 16
7 80
5 64
1 60
7 21
4 71
8 17
10 89
1 62
3 11
4 13
3 37
7 18
9 89
9 48
1 53
10 99
2 1
8 43
7 33
4 71
8 34
6 93
1 18
8 39
7 28
8 72
3 13
5 55
4 22
2 72
8 91
6 52
10 90
7 97
7 72
3 73
9 95
5 27
6 55
2 90
9 56
10 93
9 51
2 41
7 38
2 88
8 61
4 87
1 17
7 88
8 67
2 98
3 87
9 55
7 36
4 85
6 99
6 44
6 50
2 65
7 74
2 79
8 37
6 94
1 34
4 22
8 89
4 9
2 98
3 14
3 98
7 59
5 57
10 35
8 79
1 94
8 62
8 59
4 36
10 67
2 35
5 11
1 22
4 40
7 61
5 14
8 96
5 23
2 5
10 48
1 6
4 73
4 60
8 41
6 96
9 19
10 77
1 33
10 6
4 71
6 80
8 67
5 69
6 9
8 60
2 11
5 29
7 97
8 44
4 52
3 42
7 92
5 56
5 98
3 75
3 85
8 13
6 4
8 24
2 24
5 31
7 32
2 38
9 57
2 57
7 97
10 66
9 75
9 76
1 10
9 32
7 56
6 70
4 13
9 8
7 7
1 46
2 11
6 66
3 36
2 26
9 44
2 76
9 75
6 17
9 58
10 40
1 77
2 15
8 60
1 32
1 81
7 16
4 98
10 47
8 72
7 30
1 16
9 47
3 53
5 28
2 62
7 4
5 70
4 47
9 69
6 11
10 95
1 53
2 38
1 97
7 77
4 51
4 40
3 98
9 72
4 49
2 8
1 24
1 6
6 72
7 21
7 24
6 54
7 76
3 74
9 8
10 5
4 73
9 58
10 12
1 26
2 49
5 43
7 41
7 44
8 18
2 52
1 93
8 2
1 79
6 9
7 41
1 16
1 50
6 74
1 54
1 42
4 47
5 73
1 56
8 29
8 55
5 68
5 55
6 71
5 94
2 61
3 100
2 81
4 22
3 58
7 6
5 86
9 82
8 28
9 74
7 8
2 22
8 74
2 27
5 93
1 10
9 16
2 83
3 68
8 83
8 33
3 68
1 72
5 79
7 42
8 53
4 0
5 34
3 17
3 30
3 57
1 7
6 23
3 5
6 92
1 98
10 65
6 5
9 69
10 93
3 40
3 87
4 53
6 61
5 77
2 22
9 40
5 39
10 37
1 14
4 97
6 88
10 90
6 61
2 93
7 34
10 38
2 33
9 25
5 83
6 32
4 6
4 64
9 10
7 37
3 87
3 92
2 83
10 2
10 3
6 41
6 78
10 22
4 79
3 68
3 20
7 78
10 70
10 58
7 87
5 8
8 91
1 71
1 30
2 98
1 82
2 89
5 21
10 5
10 61
8 5
1 41
4 20
8 73
7 81
7 73
8 72
5 61
6 0
1 4
3 14
1 71
5 63
2 4
5 36
8 35
7 91
7 8
5 99
6 89
5 33
2 59
6 8
1 76
5 77
1 56
10 80
6 76
4 2
10 28
10 14
4 91
9 47
7 47
5 96
1 23
5 16
6 26
7 26
3 83
2 91
2 44
7 98
4 71
3 12
10 17
4 92
4 60
2 3
9 76
7 84
6 3
6 76
7 40
5 17
6 1
7 37
2 50
10 13
9 71
2 89
3 24
1 29
4 23
6 8
9 73
9 1
4 51
5 35
1 49
7 23
3 78
5 13
6 84
8 86
10 33
2 75
3 10
2 81
6 61
8 21
3 26
2 21
6 8
4 22
7 63
7 9
7 33
10 84
6 56
3 27
1 94
9 37
1 39
4 72
3 2
10 38
1 45
7 92
2 54
6 92
10 32
8 22
10 30
1 63
2 16
9 3
2 70
10 80
4 67
7 37
10 45
3 62
8 91
7 16
5 82
2 69
1 33
4 57
2 89
5 40
6 8
8 8
8 30
10 77
10 80
5 19
5 46
7 68
3 87
7 30
10 65
3 7
10 96
7 52
8 1
8 62
4 69
5 95
2 77
4 99
1 53
4 57
3 42
5 4
6 52
6 18
8 85
3 34
8 87
5 53
9 93
8 35
5 63
6 87
7 40
8 7
2 80
9 72
5 43
6 42
4 2
8 31
3 49
4 49
7 64
10 53
3 50
5 70
4 15
4 45
3 52
9 3
10 63
6 77
9 2
10 52
8 32
5 51
10 53
8 52
2 34
6 31
5 66
7 27
8 51
7 89
4 16
2 3
1 54
1 16
9 44
4 80
10 9
4 34
9 7
1 69
9 70
4 63
8 80
4 76
9 0
4 2
7 82
2 17
5 95
1 44
3 45
9 75
10 91
8 1
1 67
1 76
4 44
7 61
7 13
10 40
6 17
7 62
2 78
2 71
5 45
4 40
7 13
10 42
9 13
9 81
9 62
7 60
4 11
3 84
9 66
9 76
3 1
9 9
1 26
6 48
7 91
2 18
6 45
8 2
5 55
5 46
9 27
5 64
1 89
10 30
2 41
4 21
3 20
6 26
4 13
9 9
10 92
4 31
10 15
9 69
1 41
5 29
5 60
4 46
4 37
2 25
2 33
6 62
7 12
3 14
4 71
4 23
6 56
6 67
7 76
2 26
8 95
7 19
8 37
2 43
7 90
6 2
3 96
6 38
7 23
4 11
8 78
10 91
8 47
7 21
7 46
6 44
4 66
8 10
9 20
5 25
10 70
4 0
7 48
3 89
5 92
8 31
8 41
2 1
6 57
8 87
10 47
4 30
1 9
2 22
8 35
2 80
8 19
2 55
10 52
8 85
3 96
7 24
10 22
8 16
4 83
7 82
2 100
6 91
2 97
9 25
7 17
5 41
7 38
9 24
6 47
2 78
6 24
2 6
5 93
6 89
10 11
3 66
1 99
1 13
9 98
5 54
9 91
2 50
5 10
6 94
1 73
8 83
5 58
1 63
2 21
6 50
8 29
8 70
9 31
3 93
3 99
7 70
5 90
2 53
10 85
1 32
4 25
1 70
1 37
6 11
2 21
4 68
2 93
7 65
1 47
8 41
2 64
2 62
1 13
3 70
8 79
10 26
2 5
3 7
10 37
8 82
5 2
6 38
6 66
1 43
7 97
3 70
9 46
10 21
5 72
7 65
2 39
7 11
6 58
2 87
8 88
5 56
3 88
4 81
7 9
7 64
1 37
3 74
3 72
4 18
6 94
7 7
4 7
5 68
8 51
3 59
2 46
3 65
8 11
2 3
8 50
9 0
4 25
7 80
8 98
8 18
6 15
5 74
5 71
8 89
10 85
1 74
5 36
5 30
10 73
6 72
5 50
8 32
5 35
6 42
2 30
4 33
10 36
1 28
10 27
9 63
6 61
8 5
2 1
7 23
10 90
3 91
5 84
1 67
1 14
3 7
5 23
3 14
4 31
4 19
2 44
9 8
9 40
2 54
10 79
3 44
3 4
7 33
1 28
7 27
8 61
2 51
3 48
10 43
10 55
2 2
1 62
9 25
9 76
5 82
6 61
10 50
8 49
2 24
4 94
6 99
7 98
