100
5
1 2 3 4 5
3
3 5 6
2
5 6
2
5 5
15
727392 38375 868103 116528 173724 129129 638110 848669 364142 608381 265224 506414 831460 508434 358405
15
756284 713040 620182 917002 921859 524294 866869 748008 917395 424666 84920 673270 428571 941027 495617
8
973172 549112 185452 375891 672314 643002 348520 517326
2
40545 958869
9
410965 238802 163917 133495 812208 144511 626896 972510 818812
12
270337 121732 893228 641003 573659 479953 428195 869227 463674 307529 232230 388565
6
137558 612718 632020 627143 786000 35707
13
265385 176866 413406 995898 83631 767003 75298 774789 859085 186126 7019 697073 700901
9
60469 695665 593167 243082 132502 396206 972588 780072 129021
12
912981 147300 201274 823841 996151 302848 530153 57329 367011 121376 778475 825197
4
3404 7307 7841 3942
2
7612 9647
12
2608 3891 5620 390 2472 4275 5524 2624 9717 7853 4803 15909
7
2720 104 282 891 3577 144 6857
11
6357 4880 7512 8628 3012 4483 82 490 5031 6061 10460
7
6838 6487 4576 774 4312 8572 8355
9
3877 8653 268 8069 9473 9673 5713 4471 14223
3
9535 7452 3128
5
8509 798 781 3703 12121
6
9828 4897 5906 8864 3438 3481
15
8196 9908 4171 4176 6003 650 8679 4207 7038 2967 3561 312 9193 2118 7003
4
4506 7044 6614 5064
6
5324 8655 6205 612 3704 8482
15
1056 7942 7071 3338 4107 894 726 9018 3827 3696 1855 8376 5298 3063 6579
9
2646 7838 1903 6050 812 1070 496 9882 9325
6
6039 8960 9042 2645 9373 14605
13
466 2032 1306 2331 3657 1141 6370 8996 7186 2941 1232 3005 9179
11
6462 3564 1685 709 9195 2200 6349 5877 3472 6 6403
7
3017 9121 3725 427 8008 8777 6735
4
9431 7512 9438 416
8
5638 3512 9546 8150 1337 1663 4672 12324
5
2009 2763 2546 4159 5343
11
7702 2736 128 70 9374 4282 755 5008 1752 8040 1980
11
8532 7557 5346 6564 7168 5347 6066 5221 3398 8980 5361
8
4477 5341 5129 5226 5166 6841 3675 1295
8
5145 6346 2244 3022 7763 772 7623 3913
10
9728 8908 2875 889 4769 6483 7050 7318 9058 8962
11
1796 2803 1159 3603 6427 2835 2120 935 962 4448 3110
6
8882 804 8725 772 8751 6734
13
3069 1249 4335 6105 3978 808 3422 9466 5611 5564 2255 5564 12296
6
9296 8746 4700 5424 8326 8592
6
4713 1344 3418 7688 9505 8538
3
5209 7472 5526
3
6031 8610 13869
13
2855 9842 6755 8699 6684 3578 661 5231 6382 1294 4669 5075 3039
8
7221 4179 610 5771 2876 6358 9258 12111
14
812 6064 2388 6850 7997 1439 6344 30 2275 2688 527 6714 1115 7027
4
1719 3937 3279 1305
3
1891 9217 9058
4
5783 6821 3920 5430
6
5460 4114 7144 7183 9455 2570
7
2053 1856 3685 2957 4081 2791 4027
9
5076 5459 1974 5539 9470 4826 3259 6236 8189
6
6446 4788 2279 4054 5820 2153
6
3880 8057 3772 191 8369 16099
10
531 9529 7199 7857 4730 1481 3082 3353 4204 9032
4
6304 7771 5906 1720
7
5268 4851 7263 471 5948 5545 5221
4
4447 9622 5298 8315
4
8135 4073 9626 13748
15
2188 3907 2991 8387 230 4390 6373 9797 3430 8884 8082 216 667 7922 12082
15
5021 1787 4428 8658 6219 1979 3773 8060 9195 4538 363 3809 8983 1955 8529
4
6399 600 8594 4924
7
9187 9044 7517 8443 6715 1748 8702
9
5896 7850 4577 3334 4533 8984 9502 8981 8675
3
8337 8817 736
9
6587 5070 9584 7508 2303 5413 3435 1216 9760
4
145 2157 1209 3141
11
4968 6964 3393 5292 2045 8209 1508 5957 7211 6899 8740
13
3031 2986 9446 4040 8316 4592 3150 1916 5650 4041 8757 5123 3494
12
1966 3568 2251 88 5611 4705 4061 9983 8400 3385 1350 782
12
9846 8273 3877 1209 6768 6459 3774 8831 4114 4926 5231 13682
7
6412 2785 7020 6920 5044 7718 7707
11
7210 4182 6560 7009 3057 8094 4524 844 3665 1284 871
14
4390 8999 5614 7846 9805 7516 1008 1672 1056 1869 1723 5293 9996 12631
10
3018 9133 4847 9713 5338 8170 7286 5059 7535 1683
11
8789 9022 2740 7930 2970 3161 4732 4380 3110 5184 2528
7
5267 9478 5864 6216 8519 5957 7645
7
3447 6042 686 1585 3439 7211 3894
9
5869 1605 2852 3891 6454 8536 1576 9102 7960
4
2054 5733 5022 3581
3
5603 721 5938
11
7324 4032 2750 8172 5010 6121 8490 2477 464 84 11126
7
4603 4974 1571 5313 1331 3512 6396
6
5240 3872 4877 6809 3129 7925
12
1301 8577 2964 2769 4215 2934 3638 1774 4733 6857 6146 7507
11
2728 895 9552 7346 1083 637 6274 6141 7457 5811 12958
15
1046 3283 2761 4221 2771 4181 245 4666 2421 5965 4976 478 3491 8478 8711
12
6780 8896 1479 7382 875 8594 2246 2828 6828 6466 5557 6523
3
8882 8035 15825
5
9340 9957 2252 7618 6039
6
5376 1411 1532 8030 5402 2838
13
748 3278 2803 6555 3945 4654 951 6593 189 2838 280 4694 670
11
3562 5411 512 5346 6583 3649 9355 9212 647 4736 3757
9
5550 6915 6421 2882 2814 466 7717 2024 3611
12
3015 9920 8909 9973 4740 6725 5468 2273 570 9755 5593 555
