100
5
1 2 3 4 5
3
3 5 6
2
5 6
2
5 5
15
162501 875460 601129 782669 727809 679916 95383 409032 756716 768304 691266 301458 976956 881129 413454
15
382956 740170 349713 436635 553668 66449 812210 568227 705061 369264 102037 601700 960403 24772 144627
6
397262 263768 619053 644220 717035 115041
12
848897 52076 858643 846857 21095 67979 594868 825330 179845 661828 626975 899408
2
335777 691250
9
841493 825419 978808 404120 312656 263793 171750 620160 805864
15
192432 32464 808335 300671 788735 47052 752065 128739 335124 103985 952225 53019 302576 424830 280464
7
783509 410620 710080 72220 913500 943408 388569
14
144167 674012 748896 636274 819558 860295 594417 340002 841729 306187 977304 885427 899164 929295
10
741679 227131 391845 838353 252868 427624 806170 436353 399499 403505
11
2898 8133 7036 7501 6063 5130 7885 2399 7665 6705 337
4
2055 7838 1712 4137
4
3776 8502 5542 14928
4
1680 9253 141 511
13
5812 9647 9048 1548 9368 4027 6109 7485 3584 5893 2199 773 9499
3
7527 6119 2688
13
5595 5778 5875 2502 7189 7982 723 2271 1313 3103 3715 8586 13180
8
290 5200 9993 9452 7053 4265 7738 7875
12
5260 6433 2481 1758 5694 5956 7500 3642 5519 6642 1591 8564
13
5303 1047 1630 4209 7310 4008 9067 3800 6250 1659 7526 183 15322
5
4951 1567 1336 515 4723
10
9118 3433 504 4064 7777 9821 9111 1909 8077 9148
6
7967 1067 6367 7576 7465 9093
13
5635 1175 6256 6115 8548 1592 3973 3426 884 4866 9398 6221 5697
4
2253 7890 3586 6173
13
5841 8730 9104 9005 5636 8002 4500 3510 3526 6338 2790 9128 9370
11
5263 5534 6074 7635 2130 9417 7085 6579 1486 1021 7072
4
9074 7485 2212 14059
12
5968 4976 7387 3990 5201 6966 3099 8701 4850 7425 1215 16032
7
6880 3583 4462 7734 1577 1332 7002
4
3144 3863 1421 1746
9
2032 5707 6103 2459 8433 5476 889 5188 11615
5
1127 3788 8781 711 10785
12
5665 3246 7475 2617 7202 9813 9282 5028 5009 4722 4120 4591
11
9002 9029 6279 1724 3322 1921 6460 6344 1253 7967 8092
15
5946 5973 7444 4451 2601 3746 5692 3858 6284 2887 5329 3706 1263 1122 6224
6
5552 8565 1998 482 3029 14652
7
1122 1338 4227 1767 3591 7633 1258
7
2635 2580 2731 2048 7505 2593 5508
4
6034 2901 6749 4773
10
7719 7650 2386 4663 3746 1127 7444 619 4184 7490
5
2497 9908 643 1863 1562
11
1528 5906 9536 8284 9001 8241 3887 9982 1185 6667 4056
8
2879 50 5759 9699 8797 6775 8156 1823
5
2594 176 4691 1924 8005
4
9588 4098 9436 4522
8
7950 4646 9735 7615 9661 8376 5961 9436
5
2187 2673 125 2541 2922
7
9071 5219 8319 2206 4058 1254 5329
11
4846 1745 2179 7190 9222 4663 9895 4829 6297 2274 4762
11
2493 2851 3583 1077 2003 7279 7318 1910 4902 1508 7626
3
3504 7955 4771
8
8537 8240 3050 8847 9165 6345 5004 132
7
255 8618 9897 271 8743 1933 9049
13
8124 7107 6717 2727 5676 5473 8963 9656 9361 9093 880 6337 8417
12
8503 631 8430 6082 6609 8254 4627 1660 2429 3686 6937 9710
5
8633 8405 7081 9193 14636
4
6372 5087 3577 2302
12
4418 9540 7667 6679 2178 6177 7214 7592 8735 4786 9556 14142
7
6095 9853 9743 9318 2277 3072 14142
5
6139 3000 6321 2080 3282
12
126 9774 4578 5578 7607 326 1755 2239 5621 2301 7714 13255
7
647 8031 8664 6607 397 8601 1499
8
8909 2664 1594 6523 9454 5889 7524 6511
5
1509 4807 2508 9166 15648
7
9854 6239 511 3608 1216 1009 14071
15
578 6511 3778 5804 7107 9131 4625 9564 3374 6143 9220 3288 7913 4744 1985
8
6945 4719 3164 4947 6115 6414 7937 6973
14
3498 8745 4597 5566 8373 9931 7317 5814 8073 3946 3891 3087 5956 8974
10
1309 773 746 3249 3505 3888 8619 8516 3144 1466
8
3826 8582 1642 2956 6395 1323 4646 11620
10
5487 3419 6205 3623 4555 1610 6572 5234 5192 57
3
1533 7472 6349
11
816 8647 9107 7904 1467 1914 4369 5205 4480 770 2945
3
4245 280 4493
9
4782 7265 3964 4957 6821 3960 616 9931 2521
11
3188 5019 8534 5172 649 2166 7213 287 5294 5829 6606
13
8088 6319 3235 4731 8390 4649 3466 978 3634 514 2520 7002 15338
3
8319 9815 1576
3
1041 8226 9267
15
5577 3329 9251 8400 5326 4105 8887 6213 3265 727 4598 3654 3730 4244 11694
6
5318 9532 8756 3624 1877 6835
2
6714 6408
7
1004 1889 8150 3308 1248 4099 6771
5
5553 5775 3413 2710 1277
12
3404 2697 9160 7869 9079 5434 4336 7309 8820 5091 8529 9484
3
9340 5789 13025
5
6950 4363 8166 8190 6271
4
9839 9740 5550 5581
13
9055 2367 3528 2070 1214 9623 4043 5757 1466 1489 57 2908 7381
10
6754 5394 3825 6439 9540 5665 2292 6679 7908 10180
13
6869 3745 234 4440 467 7608 9423 1254 9318 1742 9903 4609 7069
13
722 5829 9529 5785 6629 8013 8923 5658 6690 3119 5751 9505 12421
14
2159 7625 3636 8411 9740 6813 8102 5081 1004 9120 909 3857 592 9511
9
5462 9291 3157 9658 7025 3876 2735 9158 9678
15
9887 4901 729 7467 1771 5184 9343 655 2106 2369 1135 3441 2222 6635 1069
