100
3 1 5 15 13 11
3 0 8 23 22 21
1 1 0 21
3 0 10 27 22 26
2 0 7 18 29
1 1 5 25
2 2 8 23 27
2 0 2 23 29
1 0 7 17
3 1 9 24 24 10
3 0 2 29 29 29
2 0 7 5 18
1 0 3 5
1 0 8 21
3 3 0 6 18 20
1 0 9 6
1 0 1 0
1 0 2 2
3 0 10 10 14 28
3 3 3 27 5 23
2 2 6 7 9
2 0 0 0 0
1 0 3 5
2 1 9 25 25
1 0 7 4
2 0 2 24 6
2 0 7 1 13
1 1 4 12
2 1 2 19 29
3 1 8 20 6 20
3 0 9 2 8 13
1 0 4 9
2 1 7 3 18
3 1 5 0 6 23
2 1 9 24 24
1 0 6 14
3 1 1 12 25 5
1 0 7 18
2 2 5 24 6
3 0 9 27 20 9
3 0 10 7 10 0
3 3 9 26 12 21
3 0 5 17 7 24
2 0 4 9 9
2 1 7 17 17
2 2 3 15 28
1 1 3 25
2 0 3 26 8
2 1 2 2 3
1 1 7 13
3 3 2 23 13 8
2 0 8 21 7
2 0 3 14 3
1 1 1 21
2 0 1 19 30
3 0 8 24 14 1
2 0 2 2 9
2 0 5 14 1
1 0 9 6
3 1 2 28 29 16
3 0 5 3 11 12
1 0 4 26
3 3 2 16 8 8
3 0 9 23 3 23
2 2 6 26 20
3 2 10 13 27 8
1 0 10 30
3 0 5 4 9 19
2 0 10 27 26
3 0 9 1 25 21
3 0 8 24 24 18
1 0 5 18
3 0 0 30 30 30
2 1 5 11 12
2 1 5 5 7
2 0 10 27 11
2 0 6 22 14
3 2 1 26 0 3
2 0 2 30 2
3 1 4 8 9 8
3 0 4 5 3 9
3 2 5 4 21 21
2 0 5 11 24
1 1 6 17
2 0 7 15 30
2 1 7 29 22
1 0 2 24
2 0 6 14 29
2 2 5 5 8
2 0 7 0 18
3 0 9 24 24 13
3 1 0 14 4 5
2 0 6 0 18
3 0 10 12 17 26
1 0 3 5
2 0 2 2 6
2 2 3 7 26
2 0 3 6 26
2 0 3 2 24
1 0 8 29
