100
5 3 10 5
0 2 5 6 7
1 1 1 1 4
5 3 10 5
0 2 3 5 7
2 1 1 1 4
5 3 10 5
0 2 3 4 7
2 1 1 1 4
1 0 1000000000 1
1
50
9 3 928492953 167
928480437 928481349 928482231 928485871 928487319 928489470 928490020 928491899 928492068
91 86 76 7 43 51 85 93 33
9 2 362463182 419
55526758 66430911 362434058 362435146 362440038 362449339 362451737 362458591 362460527
100 30 57 42 50 32 39 5 15
9 2 340668616 172
340651624 340654302 340654492 340654676 340655506 340655525 340658857 340666037 340666875
100 43 99 82 86 81 99 47 5
5 3 950318264 457
183608590 474418037 950281903 950303636 950315096
100 100 79 33 7
7 3 594010551 423
593968587 593971297 593984027 593987308 593988886 594003877 594008740
100 99 92 100 24 93 45
9 3 873382651 44
315100939 346474854 873378870 873378968 873379976 873380559 873381405 873381590 873382384
28 55 82 55 72 46 6 13 4
8 3 381530842 806
381475174 381476564 381489345 381498971 381501026 381505466 381506596 381527163
95 91 45 7 54 33 24 86
7 1 223295665 220
223281027 223282258 223283294 223289391 223290551 223292149 223293768
25 40 60 28 23 12 6
10 3 472597501 486
472553494 472554844 472559265 472559920 472560340 472572570 472579747 472582946 472589829 472592183
91 98 45 70 90 88 87 26 7 87
3 1 515764433 399
515742953 515761582 515762314
92 86 55
4 1 716344036 900
716274572 716288152 716307736 716327923
85 38 83 15
7 1 935610827 552
52770654 60374728 222712435 935601885 935602548 935606927 935607967
14 81 13 83 14 33 5
7 1 188037445 267
188018465 188022542 188026238 188029428 188029799 188032481 188033563
4 16 92 23 3 11 59
9 1 186994339 160
28669601 28781311 186981994 186987137 186987173 186987537 186989859 186990044 186991683
100 100 78 45 45 42 28 27 16
3 3 284043944 387
9358622 284023402 284037015
35 90 10
5 1 12972325 249
12947673 12950875 12954466 12967359 12968284
98 79 8 9 3
9 3 665006488 426
664964183 664970039 664971401 664977212 664977668 664990293 664997088 665001119 665004061
100 86 83 69 67 39 23 12 5
8 2 134214371 887
6410826 23443703 33943474 134155681 134169320 134171541 134188172 134207636
98 5 6 45 76 40 15 3
6 1 722297020 122
722285935 722286398 722292301 722293465 722295267 722296823
13 96 27 71 14 1
8 1 907851205 714
185651974 907793441 907808377 907809219 907815260 907821618 907828012 907839655
100 80 59 59 50 41 32 17
5 1 485078539 696
485034385 485036354 485043209 485067847 485069876
84 93 35 2 4
9 3 890666470 927
890583394 890596755 890603697 890606329 890614757 890614936 890623656 890656199 890660169
18 71 8 5 64 50 10 10 3
9 3 310043004 637
49114090 310000449 310014222 310024162 310024230 310027047 310030014 310037890 310037935
100 66 45 30 29 25 20 9 7
7 3 587798225 982
587707179 587717820 587718706 587722583 587751798 587755843 587781730
93 81 80 78 47 44 16
2 1 654688228 494
388080405 550267617
64 12
9 2 894064076 875
219431532 893977558 893982728 893994945 893997195 894009691 894016000 894026540 894061194
100 98 93 79 76 62 55 42 3
8 2 713978801 984
58233766 713899048 713918991 713922312 713943217 713968402 713975259 713976770
100 81 60 57 36 11 3 2
9 3 532880391 438
20064380 24158887 29478958 50052343 532862383 532867429 532868752 532869158 532872689
100 100 100 100 41 29 26 26 17
10 1 864554553 149
864541066 864542013 864542349 864542544 864547228 864547296 864547760 864549649 864551067 864553087
59 75 28 86 77 44 37 14 8 9
7 3 44827791 245
44805340 44812152 44814439 44816317 44822571 44824167 44826829
44 23 1 27 3 40 2
5 2 581447784 252
137401340 581427634 581437117 581440750 581441720
100 79 43 28 24
2 2 36673703 699
36622948 36637337
74 30
9 3 345972927 372
17777651 345937217 345938478 345946473 345962350 345968331 345968799 345970053 345971539
2 36 49 18 76 3 5 7 95
3 2 909769081 197
909750380 909755813 909758912
95 94 57
4 3 428965525 96
428957241 428961497 428962273 428962681
87 42 34 30
5 1 507863836 676
507815557 507823401 507841884 507851782 507861772
82 57 34 3 1
9 3 713464091 635
713401532 713422463 713423366 713430440 713432099 713436829 713443304 713447592 713450095
98 66 65 52 51 43 33 25 23
8 2 410877999 436
9744399 410847306 410848850 410852675 410862462 410869756 410870097 410872187
57 85 25 85 21 84 61 13
10 3 877238440 350
154890190 877207055 877208623 877218121 877219219 877220914 877224013 877224576 877231623 877236741
100 89 85 58 54 51 41 39 19 4
2 1 146692638 65
9599463 33442173
33 99
9 1 364583191 265
42158215 76050509 364562489 364562869 364563191 364572195 364573425 364579218 364581224
58 50 80 92 97 17 32 38 7
10 3 347319410 16
7789006 16337456 102662413 111297582 347318508 347318916 347319055 347319193 347319281 347319298
63 3 99 98 61 47 16 5 8 3
2 2 876894147 783
876860179 876866537
49 60
9 2 182904447 138
8055902 8882468 182895962 182897143 182898324 182899787 182900870 182903927 182903929
69 92 83 41 29 48 51 1 13
2 1 540828396 11
265393943 540827788
100 55
2 2 20988823 325
20971811 20979748
69 47
6 1 322337315 319
322306994 322307978 322315790 322322623 322322991 322327724
20 92 50 57 26 20
7 1 294096961 911
294010027 294022760 294054061 294059484 294060521 294080724 294088924
100 54 11 29 15 9 90
1 1 1000000000 1000
999899999
100
4 2 639925764 180
104420446 136538362 204262348 639917939
99 7 100 49
2 1 89216273 937
89172378 89204522
47 13
2 1 515691095 212
5288548 515681563
100 44
3 2 165620918 667
7484184 165562065 165601229
28 100 61
6 3 523138959 443
167399527 523108196 523109269 523123687 523136031 523136577
30 75 66 98 91 99
8 3 186412154 583
186364043 186390249 186391614 186393784 186400752 186404718 186406678 186407682
83 57 57 83 32 11 38 100
2 2 1000000000 1000
1 999999999
100 1
5 2 339374711 290
339348072 339351516 339352012 339361369 339373582
92 79 78 46 3
3 1 713908946 143
713899290 713903117 713906724
68 40 16
10 2 337875648 466
35350728 66524676 337836007 337852893 337853996 337854701 337867627 337870584 337870839 337872724
21 45 90 32 12 9 5 2 6 2
3 1 792514478 518
23106669 417218395 792497360
93 24 70
2 1 100772405 221
100764390 100766569
81 44
6 2 774207105 764
774145520 774167441 774170793 774194092 774199768 774205325
81 52 48 17 10 3
7 3 843727097 983
843629597 843638271 843658190 843674834 843685159 843717757 843719926
5 83 72 48 17 6 99
9 1 728327648 807
728257105 728275109 728276205 728280715 728283793 728294163 728298273 728306058 728309961
87 65 63 58 54 41 36 26 21
10 2 912380010 169
912364990 912366376 912367053 912367211 912369508 912370346 912372306 912375435 912375608 912379589
34 10 17 100 70 3 39 13 10 2
3 2 537575359 35
537573413 537573440 537574934
57 77 10
9 2 341784560 158
1903829 341773352 341773826 341774048 341775494 341778916 341779963 341783653 341783926
30 74 80 46 33 30 5 18 4
7 3 183871529 369
183836107 183837055 183843888 183845684 183861844 183869191 183869388
95 93 74 71 26 7 5
9 1 383514965 435
383474394 383478484 383480226 383481062 383488855 383496679 383501725 383509005 383509605
95 82 75 94 26 29 26 3 1
3 1 763343412 298
466634101 763327154 763338773
100 55 16
10 1 532240005 942
872633 532148067 532149847 532190348 532200775 532201936 532201971 532205649 532215462 532224889
35 100 7 23 52 67 35 50 24 44
2 2 459698844 720
459686635 459687077
9 19
8 3 373016050 350
372988459 373000119 373001581 373001654 373004926 373009399 373013419 373014296
83 68 81 83 32 6 94 22
4 3 458998911 965
458960833 458962077 458979981 458995080
36 44 15 3
9 2 526967527 982
526894842 526906736 526911793 526919996 526945570 526949018 526949347 526950546 526954071
95 84 21 72 5 73 97 2 78
4 1 328709741 552
152382189 328671995 328697420 328705232
91 15 1 7
3 2 556112935 232
556094007 556094114 556103234
86 87 50
2 1 960704812 638
960684317 960693695
33 18
10 1 177903480 134
20899478 177893120 177896208 177898340 177898424 177898435 177900706 177901939 177902366 177903255
84 94 17 2 6 20 3 6 1 46
3 2 811137201 167
811120687 811133643 811134821
99 21 15
9 3 423027214 501
71676065 125691225 422997153 422998202 422998768 423003542 423008211 423010411 423019844
100 100 61 57 57 48 38 34 15
4 3 135506755 553
135452099 135454658 135463310 135477332
100 100 78 84
5 1 392547513 196
12336324 392538946 392539042 392542019 392545837
100 44 43 28 8
8 1 316782084 466
316757286 316770512 316771668 316772642 316774621 316777720 316778836 316779641
67 12 11 11 2 53 5 1
6 2 363936739 464
363892307 363899497 363900374 363902749 363903317 363914714
100 95 81 80 91 58
9 1 587011960 890
586922988 586927228 586929827 586937816 586941564 586942339 586943953 586964517 587010215
100 6 79 23 57 67 46 27 1
9 3 533154154 950
9040128 24318882 56695908 533088845 533098291 533130145 533133556 533147522 533150358
53 14 83 24 47 52 16 4 10
2 1 833825143 13
10631887 298501382
95 98
4 3 161114518 926
26596904 161058077 161060635 161098310
44 74 71 15
1 1 1000000000 1000
999900000
100
10 1 51956369 106
51946214 51946984 51947215 51948188 51948993 51949998 51952571 51953913 51954164 51955097
72 75 47 68 39 7 9 4 13 1
3 1 933393303 103
933387102 933387468 933389135
60 56 40
4 2 976056994 547
427084651 976046658 976050391 976051199
86 26 16 30
3 1 697956322 438
697915081 697920436 697955151
95 81 2
7 3 932076294 675
16096475 187329187 932051322 932055765 932064587 932072953 932074076
1 60 85 22 15 4 2
3 3 4034002 335
4024026 4024161 4032377
30 29 5
