100
5 3 10 5
0 2 5 6 7
1 1 1 1 4
5 3 10 5
0 2 3 5 7
2 1 1 1 4
5 3 10 5
0 2 3 4 7
2 1 1 1 4
1 0 1000000000 1
1
50
10 2 507441401 390
507406953 507407422 507414113 507420589 507428032 507429807 507431465 507439265 507440167 507440235
89 88 70 54 34 30 25 6 4 3
2 2 808867294 692
808802110 808824027
95 79
10 1 941750679 855
214425978 291001390 941678938 941691002 941719692 941723303 941728452 941737992 941739902 941744471
76 96 73 31 26 15 21 6 2 7
1 1 1000000000 1000
999900000
100
10 3 16015198 615
15954147 15960901 15969377 15981580 15988281 15988318 15995821 16000783 16003385 16012864
99 89 75 55 43 43 32 24 19 3
8 1 246938336 332
246906584 246909344 246915811 246918731 246922578 246924613 246928775 246937904
97 92 97 86 73 73 73 39
7 2 501808134 117
59777279 501797387 501799782 501799799 501800019 501805031 501807020
3 5 11 98 98 53 39
9 3 8850551 322
8819754 8823806 8825026 8827629 8828995 8831148 8834893 8836258 8838754
100 88 85 89 57 74 25 54 41
8 1 339299365 973
339219030 339229815 339259333 339268528 339273255 339274425 339280975 339284041
21 5 36 13 23 25 2 4
9 1 363833337 547
59205973 363787629 363789972 363790468 363798487 363803469 363808482 363826903 363829368
76 79 25 40 72 4 35 9 67
3 3 293283381 916
27750534 293229852 293277687
87 62 6
5 2 465947734 718
465897325 465900229 465922183 465933399 465944331
71 67 36 20 5
8 3 263894347 981
263803128 263809897 263814212 263853134 263853708 263871929 263892561 263893032
96 90 1 51 89 11 47 31
3 2 255498912 96
255492087 255494241 255495962
83 77 47
3 2 98721804 582
98715375 98720109 98720329
12 3 3
6 3 151962200 483
71984465 151930477 151943630 151947367 151954335 151954636
100 66 39 31 17 15
5 2 687943908 515
52649320 203670453 687931616 687936889 687938130
100 100 23 13 12
5 3 900928511 427
900887002 900892556 900896095 900910167 900911423
100 93 96 66 64
8 2 934338088 848
934255025 934280583 934289171 934293208 934317613 934322613 934331717 934332247
98 45 82 59 63 3 44 93
9 2 561100710 898
561015861 561031890 561034852 561045324 561057427 561063304 561078992 561087470 561090930
100 25 81 64 96 11 53 28 6
8 2 502747626 317
502716995 502720491 502727715 502733937 502736995 502744924 502745071 502745461
34 3 6 41 95 6 4 2
4 1 181994766 582
104361574 181956582 181968392 181983924
39 50 29 12
10 1 38302009 483
7841847 7850228 21118703 38262467 38268023 38273630 38274259 38275955 38280725 38295821
57 70 69 73 22 49 37 31 2 5
9 3 125763983 853
125683411 125702368 125704292 125710087 125718629 125733212 125734009 125748723 125749175
100 100 94 68 87 48 62 75 36
3 2 493044281 942
492991463 493002921 493020064
100 83 94
2 2 640704878 850
640633187 640694181
96 98
8 3 857804716 833
857743098 857755841 857776907 857780996 857782408 857795840 857796543 857802081
26 96 62 40 85 6 86 90
9 3 720025911 178
80949040 126830022 720015315 720018528 720022837 720023478 720023499 720025635 720025717
54 57 98 91 28 9 23 1 64
4 1 584345499 607
584289444 584301648 584306230 584343820
93 73 65 3
9 1 319200301 629
319144119 319166032 319170605 319175134 319175929 319181164 319190448 319193770 319195545
89 54 47 40 38 30 15 10 7
7 2 471468745 352
2379101 471435511 471437688 471441929 471452107 471463684 471467555
100 95 89 76 48 14 4
10 1 996921278 763
83896778 178694110 996863035 996866447 996869619 996871341 996877875 996881582 996883781 996895792
25 31 96 55 76 32 30 18 37 15
6 1 996300881 415
996272792 996280704 996280743 996288592 996291914 996294304
85 40 60 25 13 54
2 2 990456640 818
990401977 990451223
67 7
5 1 203638286 787
76110180 107880995 203602598 203621205 203623078
72 16 28 15 9
9 3 769467574 693
769416009 769426801 769427266 769433296 769435723 769446472 769447273 769455564 769461228
92 45 41 43 22 1 12 5 8
9 1 262163468 347
262128779 262133530 262142014 262149285 262151217 262154823 262156765 262160101 262162595
100 39 46 13 9 21 55 9 2
9 3 47411780 52
1819201 47406768 47407209 47407728 47407744 47409248 47409914 47410162 47410236
31 99 90 54 12 22 10 22 2
2 1 23566177 544
23540229 23553118
47 24
2 1 159400926 992
159308511 159336689
93 65
2 1 422486997 485
422442883 422465529
22 39
7 1 486461132 837
486385462 486401477 486401745 486403345 486435535 486450649 486452252
90 71 70 69 30 12 10
8 2 108650090 819
6414169 7179506 108594195 108596503 108607117 108622981 108628937 108633970
75 53 56 8 10 60 17 18
6 3 881876873 19
881875088 881875665 881876323 881876598 881876601 881876841
95 16 58 63 9 1
7 1 742759245 286
144912166 248269708 325040176 742739995 742740020 742747944 742758162
100 100 100 67 67 39 3
4 3 763723041 217
763709813 763711098 763716403 763719646
75 84 42 35
10 2 543322345 962
15968192 543238623 543255961 543261967 543265229 543269660 543275942 543284410 543308816 543320025
77 88 31 23 75 1 24 63 99 42
4 2 869948969 422
869910048 869935519 869940250 869944360
16 38 8 8
4 2 773367511 257
773347592 773347968 773357536 773366630
12 17 4 21
4 1 945965793 230
945948032 945953627 945963738 945964857
78 52 9 4
3 2 594747779 592
36693615 594711937 594730788
79 97 91
4 1 545245991 608
63557059 186587359 300815846 342702587
12 86 75 59
4 2 630455679 846
630377885 630396042 630404972 630450243
92 70 60 6
10 1 471764157 134
52451361 471752311 471752366 471752370 471753853 471754424 471758500 471761512 471761729 471763570
100 88 88 88 77 73 43 20 18 5
4 2 280906572 803
280828851 280832002 280840050 280858314
99 14 38 84
1 1 1000000000 1000
999899999
100
6 2 818960325 709
818903974 818920886 818926250 818933437 818933994 818944939
91 87 7 31 28 19
9 1 435743082 865
435677715 435683559 435689549 435693580 435694182 435702249 435706701 435712725 435728742
76 69 62 58 57 48 43 36 17
7 2 737655851 698
43028899 737605834 737623837 737626823 737628160 737645755 737653728
9 16 1 14 30 10 20
7 2 789996116 88
30713446 62364735 159852558 175938173 789992829 789993314 789993870
43 7 43 20 70 15 5
10 3 432447 541
379211 380571 387958 405017 412898 418783 419949 421016 424080 424579
99 96 82 51 37 25 23 21 15 14
10 2 499660022 244
499637683 499638357 499640951 499643403 499645773 499647618 499649349 499652166 499658608 499658667
92 88 78 69 58 50 44 32 6 5
5 3 660382486 974
660319484 660333221 660342723 660369936 660376669
40 60 72 1 92
6 3 990741900 747
155703922 990691170 990713351 990718969 990725020 990734479
83 12 33 30 11 34
8 3 689549935 575
689497589 689501172 689533540 689537505 689540056 689541181 689543023 689548284
65 88 64 11 21 23 43 39
5 3 153084602 612
25902116 26725218 31413466 54418790 153073104
100 100 100 100 19
5 2 511463348 65
192992055 511458246 511459493 511461166 511461258
100 79 60 33 33
6 1 456302562 350
198085284 226685056 456273355 456275498 456286993 456290769
79 61 13 93 36 51
10 2 931708285 530
931656082 931663622 931679642 931690695 931692681 931697915 931699776 931703094 931703508 931705322
99 36 45 5 50 28 68 5 6 4
3 2 489202406 692
489136676 489158743 489172968
95 63 43
5 3 127277759 655
127228174 127236339 127246524 127260039 127262605
82 75 83 87 37
9 1 256733106 901
6641454 89132240 256666505 256681775 256682428 256686224 256696258 256704107 256728521
26 68 89 24 69 40 6 13 3
7 1 873986625 268
873960372 873960536 873960715 873970697 873971388 873972549 873985037
98 98 96 59 57 52 5
7 2 415802816 964
415716505 415737953 415738578 415744177 415765877 415773368 415773854
95 100 74 84 42 72 3
7 3 335805550 621
335746039 335766285 335774500 335781965 335787937 335791336 335803476
96 64 49 37 29 23 4
4 1 28111135 221
28098214 28101735 28105511 28110406
91 85 55 63
7 3 443251971 730
28682102 443216161 443221995 443223714 443227465 443234734 443241596
100 49 42 38 34 23 15
8 2 885825973 99
885816349 885818082 885820609 885820777 885820888 885821740 885822882 885824029
99 81 68 30 36 19 82 63
5 2 27219632 58
8673915 27216159 27218327 27218688 27219428
14 99 15 13 1
5 1 354939924 682
354885225 354904098 354908981 354917123 354918723
92 46 30 27 20
8 1 102408448 958
20619129 102347798 102359789 102364709 102372922 102382925 102382943 102405084
100 64 50 45 38 26 26 4
6 2 552474317 868
552391833 552400514 552410175 552439562 552443262 552465252
97 91 89 36 100 93
4 2 67273546 379
18496839 43088499 67244560 67248789
13 63 90 19
9 3 406141969 995
406043768 406046679 406049550 406067374 406102020 406107774 406121023 406133491 406140888
100 93 54 86 53 40 1 34 19
7 2 919741675 395
919702487 919705172 919706908 919711443 919715007 919715327 919732617
100 70 43 98 82 11 14
3 3 838499140 360
838469526 838477822 838481409
88 80 66
10 2 952621891 162
38974048 206053550 293803498 346336182 952611461 952612535 952615136 952615194 952616894 952620404
16 33 13 7 99 4 12 2 12 4
5 1 743687697 289
48114541 743668532 743676406 743679660 743681953
19 68 5 61 4
3 3 804455922 217
804437551 804440388 804444754
72 61 89
2 2 488551032 697
488481827 488488237
100 97
2 2 1000000000 1000
1 999999999
100 1
7 1 755632583 53
25359228 56953275 87329319 173554081 404929005 545468767 755631930
100 100 100 100 100 100 13
3 2 184103764 719
184034540 184072850 184097254
97 43 9
4 2 143342512 676
143300043 143314529 143336986 143337555
73 98 3 32
9 3 17518291 455
17481055 17481510 17481838 17493196 17503135 17503893 17509972 17513223 17513823
89 92 91 32 4 24 49 88 26
4 1 987992776 428
987950880 987962508 987971362 987973086
97 71 51 47
